-10.0 47.765699999999995     0.0
-9.97997997997998 47.70057287287287     0.0
-9.95995995995996 47.63544574574574     0.0
-9.93993993993994 47.570318618618614     0.0
-9.91991991991992 47.50519149149149     0.0
-9.8998998998999 47.44006436436436     0.0
-9.87987987987988 47.37493723723723     0.0
-9.85985985985986 47.30981011011011     0.0
-9.83983983983984 45.85485535338639     -1.38982762959659
-9.81981981981982 47.17955585585585     0.0
-9.7997997997998 47.114428728728726     0.0
-9.77977977977978 44.87239634120384     -2.176905260397761
-9.75975975975976 46.98417447447447     0.0
-9.73973973973974 46.919047347347345     0.0
-9.71971971971972 46.85392022022022     0.0
-9.6996996996997 46.78879309309309     0.0
-9.67967967967968 46.723665965965964     0.0
-9.65965965965966 47.557899694373404     0.8993608555345638
-9.63963963963964 46.59341171171171     0.0
-9.61961961961962 46.52828458458458     0.0
-9.5995995995996 46.463157457457456     0.0
-9.57957957957958 47.3507218603524     0.9526915300220699
-9.55955955955956 46.3329032032032     0.0
-9.53953953953954 46.267776076076075     0.0
-9.51951951951952 46.20264894894895     0.0
-9.4994994994995 46.13752182182182     0.0
-9.47947947947948 46.072394694694694     0.0
-9.45945945945946 46.00726756756757     0.0
-9.43943943943944 45.94214044044044     0.0
-9.41941941941942 45.87701331331331     0.0
-9.3993993993994 45.811886186186186     0.0
-9.37937937937938 45.74675905905906     0.0
-9.35935935935936 45.68163193193193     0.0
-9.33933933933934 45.616504804804805     0.0
-9.31931931931932 45.55137767767768     0.0
-9.2992992992993 45.48625055055055     0.0
-9.27927927927928 45.421123423423424     0.0
-9.25925925925926 45.3559962962963     0.0
-9.23923923923924 45.29086916916917     0.0
-9.21921921921922 45.22574204204204     0.0
-9.1991991991992 45.160614914914916     0.0
-9.17917917917918 46.5443885626328     1.4489007748450071
-9.15915915915916 45.03036066066066     0.0
-9.13913913913914 45.784588826805944     0.8193552932724054
-9.11911911911912 44.90010640640641     0.0
-9.0990990990991 44.83497927927928     0.0
-9.07907907907908 44.15217810672235     -0.6176740454298013
-9.05905905905906 43.360030458482406     -1.3446945665426229
-9.03903903903904 44.6395978978979     0.0
-9.01901901901902 46.71397621027909     2.13950543950832
-8.998998998999 44.509343643643646     0.0
-8.97897897897898 44.44421651651652     0.0
-8.95895895895896 44.37908938938939     0.0
-8.93893893893894 44.313962262262265     0.0
-8.91891891891892 44.24883513513514     0.0
-8.8988988988989 44.18370800800801     0.0
-8.87887887887888 42.27158584610642     -1.8469950347744646
-8.85885885885886 44.05345375375376     0.0
-8.83883883883884 43.98832662662663     0.0
-8.81881881881882 43.9231994994995     0.0
-8.7987987987988 43.858072372372376     0.0
-8.77877877877878 43.79294524524525     0.0
-8.75875875875876 43.72781811811812     0.0
-8.73873873873874 43.662690990990995     0.0
-8.71871871871872 43.59756386386387     0.0
-8.6986986986987 43.53243673673674     0.0
-8.67867867867868 43.467309609609615     0.0
-8.65865865865866 43.40218248248249     0.0
-8.63863863863864 43.33705535535536     0.0
-8.618618618618619 43.271928228228234     0.0
-8.598598598598599 43.20680110110111     0.0
-8.578578578578579 43.14167397397398     0.0
-8.558558558558559 43.07654684684685     0.0
-8.538538538538539 43.011419719719726     0.0
-8.518518518518519 42.9462925925926     0.0
-8.498498498498499 42.881165465465465     0.0
-8.478478478478479 42.81603833833834     0.0
-8.458458458458459 42.75091121121121     0.0
-8.438438438438439 42.685784084084084     0.0
-8.418418418418419 42.62065695695696     0.0
-8.398398398398399 42.55552982982983     0.0
-8.378378378378379 41.860910632676855     -0.629492070025845
-8.358358358358359 41.58043876492764     -0.8448368106479326
-8.338338338338339 42.36014844844845     0.0
-8.318318318318319 42.29502132132132     0.0
-8.298298298298299 42.229894194194195     0.0
-8.278278278278279 42.16476706706707     0.0
-8.258258258258259 42.09963993993994     0.0
-8.238238238238239 42.034512812812814     0.0
-8.218218218218219 41.96938568568569     0.0
-8.198198198198199 41.90425855855856     0.0
-8.178178178178179 41.83913143143143     0.0
-8.158158158158159 41.774004304304306     0.0
-8.138138138138139 41.70887717717718     0.0
-8.118118118118119 41.64375005005005     0.0
-8.098098098098099 41.578622922922925     0.0
-8.078078078078079 41.5134957957958     0.0
-8.058058058058059 41.44836866866867     0.0
-8.038038038038039 41.383241541541544     0.0
-8.018018018018019 34.38993597403992     -6.928178440374494
-7.997997997997998 41.25298728728728     0.0
-7.977977977977978 41.187860160160156     0.0
-7.957957957957958 41.12273303303303     0.0
-7.937937937937938 43.60670727775143     2.5491013718455307
-7.917917917917918 40.992478778778775     0.0
-7.897897897897898 40.92735165165165     0.0
-7.877877877877878 40.86222452452452     0.0
-7.857857857857858 40.797097397397394     0.0
-7.837837837837838 40.73197027027027     0.0
-7.817817817817818 40.66684314314314     0.0
-7.797797797797798 40.60171601601601     0.0
-7.777777777777778 40.536588888888886     0.0
-7.757757757757758 40.47146176176176     0.0
-7.737737737737738 40.40633463463463     0.0
-7.717717717717718 40.341207507507505     0.0
-7.697697697697698 40.27608038038038     0.0
-7.677677677677678 40.21095325325325     0.0
-7.657657657657658 40.145826126126124     0.0
-7.637637637637638 40.080698998999     0.0
-7.617617617617618 40.01557187187187     0.0
-7.597597597597598 39.95044474474474     0.0
-7.5775775775775776 39.54800656097543     -0.3373110566421853
-7.5575575575575575 39.82019049049049     0.0
-7.5375375375375375 39.75506336336336     0.0
-7.5175175175175175 39.689936236236235     0.0
-7.4974974974974975 39.62480910910911     0.0
-7.4774774774774775 39.55968198198198     0.0
-7.4574574574574575 39.494554854854854     0.0
-7.4374374374374375 39.42942772772773     0.0
-7.4174174174174174 39.3643006006006     0.0
-7.397397397397397 39.29917347347347     0.0
-7.377377377377377 43.28066577819625     4.046619431849908
-7.357357357357357 39.16891921921922     0.0
-7.337337337337337 39.10379209209209     0.0
-7.317317317317317 39.038664964964966     0.0
-7.297297297297297 38.97353783783784     0.0
-7.277277277277277 37.19727155583851     -1.7111391548722
-7.257257257257257 38.843283583583585     0.0
-7.237237237237237 38.77815645645646     0.0
-7.217217217217217 38.71302932932933     0.0
-7.197197197197197 37.90035611961358     -0.7475460825886204
-7.177177177177177 38.58277507507508     0.0
-7.157157157157157 38.51764794794795     0.0
-7.137137137137137 38.45252082082082     0.0
-7.117117117117117 38.387393693693696     0.0
-7.097097097097097 38.32226656656657     0.0
-7.077077077077077 38.25713943943944     0.0
-7.057057057057057 38.192012312312315     0.0
-7.037037037037037 38.12688518518519     0.0
-7.017017017017017 38.06175805805806     0.0
-6.996996996996997 37.996630930930934     0.0
-6.976976976976977 37.93150380380381     0.0
-6.956956956956957 37.86637667667668     0.0
-6.936936936936937 37.80124954954955     0.0
-6.916916916916917 37.736122422422426     0.0
-6.896896896896897 37.6709952952953     0.0
-6.876876876876877 36.888855843113575     -0.717012325054596
-6.856856856856857 37.540741041041045     0.0
-6.836836836836837 37.47561391391392     0.0
-6.816816816816817 37.41048678678679     0.0
-6.796796796796797 37.345359659659664     0.0
-6.776776776776777 37.28023253253254     0.0
-6.756756756756757 37.21510540540541     0.0
-6.736736736736737 37.14997827827828     0.0
-6.716716716716717 37.084851151151156     0.0
-6.696696696696697 37.01972402402403     0.0
-6.676676676676677 36.9545968968969     0.0
-6.656656656656657 36.889469769769775     0.0
-6.636636636636637 36.82434264264265     0.0
-6.616616616616617 36.75921551551552     0.0
-6.596596596596597 36.69408838838839     0.0
-6.576576576576577 37.45116017082527     0.8221989095640069
-6.556556556556557 36.56383413413413     0.0
-6.536536536536537 36.498707007007006     0.0
-6.516516516516517 36.43357987987988     0.0
-6.496496496496497 36.36845275275275     0.0
-6.476476476476477 36.303325625625625     0.0
-6.456456456456457 36.2381984984985     0.0
-6.436436436436437 36.17307137137137     0.0
-6.416416416416417 36.107944244244244     0.0
-6.396396396396397 36.04281711711712     0.0
-6.376376376376377 35.97768998998999     0.0
-6.356356356356357 35.91256286286286     0.0
-6.336336336336337 35.847435735735736     0.0
-6.316316316316317 35.78230860860861     0.0
-6.296296296296297 35.71718148148148     0.0
-6.276276276276277 35.652054354354355     0.0
-6.256256256256257 35.58692722722723     0.0
-6.236236236236236 35.521800100100094     0.0
-6.216216216216216 35.45667297297297     0.0
-6.196196196196196 35.39154584584584     0.0
-6.176176176176176 35.32641871871871     0.0
-6.156156156156156 34.358378223956926     -0.9029133676346632
-6.136136136136136 39.13276600039223     3.93660153592777
-6.116116116116116 35.13103733733733     0.0
-6.096096096096096 35.065910210210205     0.0
-6.076076076076076 35.00078308308308     0.0
-6.056056056056056 34.93565595595595     0.0
-6.036036036036036 34.870528828828824     0.0
-6.016016016016016 34.8054017017017     0.0
-5.995995995995996 35.85584917438503     1.1155745998104603
-5.975975975975976 34.67514744744744     0.0
-5.955955955955956 34.61002032032032     0.0
-5.935935935935936 34.54489319319319     0.0
-5.915915915915916 34.47976606606606     0.0
-5.895895895895896 34.414638938938936     0.0
-5.875875875875876 34.34951181181181     0.0
-5.8558558558558556 34.28438468468468     0.0
-5.8358358358358355 34.219257557557555     0.0
-5.8158158158158155 34.15413043043043     0.0
-5.7957957957957955 34.0890033033033     0.0
-5.7757757757757755 34.023876176176174     0.0
-5.7557557557557555 33.95874904904905     0.0
-5.7357357357357355 33.89362192192192     0.0
-5.7157157157157155 32.82185463068849     -1.0066401641062996
-5.6956956956956954 35.79274932792128     2.02938166025361
-5.675675675675675 33.69824054054054     0.0
-5.655655655655655 33.63311341341341     0.0
-5.635635635635635 34.41769465998502     0.8497083736987319
-5.615615615615615 33.50285915915916     0.0
-5.595595595595595 33.43773203203203     0.0
-5.575575575575575 33.372604904904904     0.0
-5.555555555555555 33.30747777777778     0.0
-5.535535535535535 33.24235065065065     0.0
-5.515515515515515 33.17722352352352     0.0
-5.495495495495495 33.112096396396396     0.0
-5.475475475475475 33.04696926926927     0.0
-5.455455455455455 32.98184214214214     0.0
-5.435435435435435 32.916715015015015     0.0
-5.415415415415415 32.85158788788789     0.0
-5.395395395395395 32.78646076076076     0.0
-5.375375375375375 32.721333633633634     0.0
-5.355355355355355 32.65620650650651     0.0
-5.335335335335335 32.59107937937938     0.0
-5.315315315315315 28.215488742295427     -4.310463509956825
-5.295295295295295 24.50903710961903     -7.9517880155060965
-5.275275275275275 32.395697997998     0.0
-5.255255255255255 32.33057087087087     0.0
-5.235235235235235 32.265443743743745     0.0
-5.215215215215215 32.20031661661662     0.0
-5.195195195195195 32.13518948948949     0.0
-5.175175175175175 32.070062362362364     0.0
-5.155155155155155 32.00493523523524     0.0
-5.135135135135135 31.939808108108107     0.0
-5.115115115115115 31.87468098098098     0.0
-5.095095095095095 34.39966397914144     2.5901101252875827
-5.075075075075075 31.744426726726726     0.0
-5.055055055055055 31.6792995995996     0.0
-5.035035035035035 31.61417247247247     0.0
-5.015015015015015 31.549045345345345     0.0
-4.994994994994995 31.483918218218218     0.0
-4.974974974974975 31.41879109109109     0.0
-4.954954954954955 31.353663963963964     0.0
-4.934934934934935 31.288536836836837     0.0
-4.914914914914915 36.228257845853555     5.004848136143848
-4.894894894894895 31.158282582582583     0.0
-4.874874874874875 31.093155455455456     0.0
-4.854854854854855 31.02802832832833     0.0
-4.834834834834835 30.9629012012012     0.0
-4.814814814814815 33.981832140313784     3.08405806623971
-4.794794794794795 30.832646946946944     0.0
-4.774774774774775 30.503780758301048     -0.26373906151876836
-4.754754754754755 30.70239269269269     0.0
-4.734734734734735 30.637265565565563     0.0
-4.714714714714715 30.572138438438436     0.0
-4.694694694694695 30.50701131131131     0.0
-4.674674674674675 30.441884184184183     0.0
-4.654654654654655 30.376757057057056     0.0
-4.634634634634635 27.964839989110686     -2.346789940819244
-4.614614614614615 30.2465028028028     0.0
-4.594594594594595 30.181375675675675     0.0
-4.574574574574575 30.116248548548548     0.0
-4.554554554554555 30.05112142142142     0.0
-4.534534534534535 29.985994294294294     0.0
-4.514514514514515 29.920867167167167     0.0
-4.494494494494495 31.405078122666918     1.5493380826268783
-4.474474474474475 29.790612912912913     0.0
-4.454454454454455 29.725485785785786     0.0
-4.434434434434435 29.66035865865866     0.0
-4.414414414414415 29.59523153153153     0.0
-4.394394394394395 29.530104404404405     0.0
-4.374374374374375 29.464977277277278     0.0
-4.354354354354355 29.39985015015015     0.0
-4.334334334334335 29.334723023023024     0.0
-4.314314314314315 29.269595895895897     0.0
-4.2942942942942945 29.20446876876877     0.0
-4.2742742742742745 29.139341641641643     0.0
-4.2542542542542545 29.074214514514516     0.0
-4.2342342342342345 29.00908738738739     0.0
-4.2142142142142145 28.943960260260262     0.0
-4.1941941941941945 28.878833133133135     0.0
-4.1741741741741745 28.813706006006008     0.0
-4.1541541541541545 28.74857887887888     0.0
-4.134134134134134 28.683451751751754     0.0
-4.114114114114114 28.618324624624627     0.0
-4.094094094094094 28.5531974974975     0.0
-4.074074074074074 28.488070370370373     0.0
-4.054054054054054 28.422943243243246     0.0
-4.034034034034034 28.35781611611612     0.0
-4.014014014014014 28.292688988988992     0.0
-3.993993993993994 28.22756186186186     0.0
-3.973973973973974 28.162434734734735     0.0
-3.953953953953954 28.097307607607608     0.0
-3.933933933933934 28.03218048048048     0.0
-3.913913913913914 27.967053353353354     0.0
-3.893893893893894 27.901926226226223     0.0
-3.873873873873874 27.836799099099096     0.0
-3.853853853853854 27.77167197197197     0.0
-3.833833833833834 27.706544844844842     0.0
-3.813813813813814 27.641417717717715     0.0
-3.793793793793794 27.576290590590588     0.0
-3.7737737737737738 27.51116346346346     0.0
-3.7537537537537538 27.446036336336334     0.0
-3.7337337337337337 29.210466849794024     1.8295576405848157
-3.7137137137137137 27.31578208208208     0.0
-3.6936936936936937 27.250654954954953     0.0
-3.6736736736736737 27.185527827827826     0.0
-3.6536536536536537 27.1204007007007     0.0
-3.6336336336336337 27.055273573573572     0.0
-3.6136136136136137 26.990146446446445     0.0
-3.5935935935935936 26.92501931931932     0.0
-3.5735735735735736 26.85989219219219     0.0
-3.5535535535535536 26.794765065065064     0.0
-3.5335335335335336 26.729637937937937     0.0
-3.5135135135135136 26.66451081081081     0.0
-3.4934934934934936 26.599383683683683     0.0
-3.4734734734734736 26.534256556556556     0.0
-3.4534534534534536 26.46912942942943     0.0
-3.4334334334334335 26.404002302302302     0.0
-3.4134134134134135 26.338875175175176     0.0
-3.3933933933933935 26.27374804804805     0.0
-3.3733733733733735 26.20862092092092     0.0
-3.3533533533533535 26.143493793793795     0.0
-3.3333333333333335 26.078366666666668     0.0
-3.3133133133133135 26.01323953953954     0.0
-3.2932932932932935 25.948112412412414     0.0
-3.2732732732732734 26.36012718382678     0.4771418985414923
-3.2532532532532534 25.81785815815816     0.0
-3.2332332332332334 25.752731031031033     0.0
-3.2132132132132134 25.687603903903906     0.0
-3.1931931931931934 21.824336933623357     -3.798139843153421
-3.1731731731731734 25.55734964964965     0.0
-3.1531531531531534 25.492222522522525     0.0
-3.1331331331331334 25.427095395395398     0.0
-3.113113113113113 25.361968268268267     0.0
-3.093093093093093 25.29684114114114     0.0
-3.073073073073073 25.231714014014013     0.0
-3.053053053053053 24.07208175580136     -1.0945051310855267
-3.033033033033033 25.10145975975976     0.0
-3.013013013013013 25.036332632632632     0.0
-2.992992992992993 24.971205505505505     0.0
-2.972972972972973 24.90607837837838     0.0
-2.952952952952953 25.651435749328517     0.8104844980772665
-2.932932932932933 24.77582412412412     0.0
-2.9129129129129128 24.710696996996994     0.0
-2.8928928928928928 24.645569869869867     0.0
-2.8728728728728727 24.58044274274274     0.0
-2.8528528528528527 24.515315615615613     0.0
-2.8328328328328327 24.450188488488486     0.0
-2.8128128128128127 24.38506136136136     0.0
-2.7927927927927927 24.319934234234232     0.0
-2.7727727727727727 24.254807107107105     0.0
-2.7527527527527527 24.189679979979978     0.0
-2.7327327327327327 24.12455285285285     0.0
-2.7127127127127126 24.059425725725724     0.0
-2.6926926926926926 23.994298598598597     0.0
-2.6726726726726726 23.92917147147147     0.0
-2.6526526526526526 23.864044344344343     0.0
-2.6326326326326326 23.798917217217216     0.0
-2.6126126126126126 23.73379009009009     0.0
-2.5925925925925926 23.668662962962962     0.0
-2.5725725725725725 23.603535835835835     0.0
-2.5525525525525525 23.538408708708708     0.0
-2.5325325325325325 24.433225282999906     0.9599437014183234
-2.5125125125125125 23.408154454454454     0.0
-2.4924924924924925 23.343027327327327     0.0
-2.4724724724724725 23.2779002002002     0.0
-2.4524524524524525 23.212773073073073     0.0
-2.4324324324324325 23.147645945945946     0.0
-2.4124124124124124 23.08251881881882     0.0
-2.3923923923923924 23.017391691691692     0.0
-2.3723723723723724 22.952264564564565     0.0
-2.3523523523523524 22.88713743743744     0.0
-2.3323323323323324 22.82201031031031     0.0
-2.3123123123123124 22.756883183183184     0.0
-2.2922922922922924 22.691756056056057     0.0
-2.2722722722722724 22.62662892892893     0.0
-2.2522522522522523 22.561501801801803     0.0
-2.2322322322322323 22.496374674674676     0.0
-2.2122122122122123 22.43124754754755     0.0
-2.1921921921921923 22.366120420420422     0.0
-2.1721721721721723 22.300993293293295     0.0
-2.1521521521521523 22.23586616616617     0.0
-2.1321321321321323 22.17073903903904     0.0
-2.1121121121121122 22.10561191191191     0.0
-2.0920920920920922 22.040484784784784     0.0
-2.0720720720720722 21.975357657657657     0.0
-2.052052052052052 20.185319160111032     -1.7249113704194998
-2.032032032032032 21.845103403403403     0.0
-2.012012012012012 21.779976276276276     0.0
-1.991991991991992 21.71484914914915     0.0
-1.971971971971972 21.649722022022022     0.0
-1.951951951951952 21.584594894894895     0.0
-1.931931931931932 21.519467767767768     0.0
-1.911911911911912 20.817260404473494     -0.6370802361671459
-1.8918918918918919 21.389213513513514     0.0
-1.8718718718718719 21.324086386386387     0.0
-1.8518518518518519 21.25895925925926     0.0
-1.8318318318318318 21.193832132132133     0.0
-1.8118118118118118 21.128705005005006     0.0
-1.7917917917917918 21.063577877877876     0.0
-1.7717717717717718 20.99845075075075     0.0
-1.7517517517517518 20.93332362362362     0.0
-1.7317317317317318 22.720604117934595     1.8524076214380998
-1.7117117117117118 20.803069369369368     0.0
-1.6916916916916918 20.73794224224224     0.0
-1.6716716716716717 20.672815115115114     0.0
-1.6516516516516517 20.607687987987987     0.0
-1.6316316316316317 20.54256086086086     0.0
-1.6116116116116117 20.477433733733733     0.0
-1.5915915915915917 20.412306606606606     0.0
-1.5715715715715717 20.34717947947948     0.0
-1.5515515515515514 20.282052352352352     0.0
-1.5315315315315314 20.216925225225225     0.0
-1.5115115115115114 20.151798098098098     0.0
-1.4914914914914914 20.08667097097097     0.0
-1.4714714714714714 20.021543843843844     0.0
-1.4514514514514514 19.956416716716717     0.0
-1.4314314314314314 19.89128958958959     0.0
-1.4114114114114114 19.411948711636114     -0.41421375082634737
-1.3913913913913913 19.761035335335336     0.0
-1.3713713713713713 19.69590820820821     0.0
-1.3513513513513513 19.630781081081082     0.0
-1.3313313313313313 19.565653953953955     0.0
-1.3113113113113113 19.059422076751467     -0.44110475007536254
-1.2912912912912913 19.57734315483095     0.141943455131249
-1.2712712712712713 19.370272572572574     0.0
-1.2512512512512513 19.305145445445447     0.0
-1.2312312312312312 19.24001831831832     0.0
-1.2112112112112112 19.17489119119119     0.0
-1.1911911911911912 19.109764064064063     0.0
-1.1711711711711712 19.044636936936936     0.0
-1.1511511511511512 18.97950980980981     0.0
-1.1311311311311312 18.91438268268268     0.0
-1.1111111111111112 18.849255555555555     0.0
-1.0910910910910911 18.784128428428428     0.0
-1.0710710710710711 18.7190013013013     0.0
-1.0510510510510511 17.10938277174405     -1.5444914024301246
-1.031031031031031 18.588747047047047     0.0
-1.011011011011011 18.52361991991992     0.0
-0.990990990990991 18.458492792792793     0.0
-0.970970970970971 18.393365665665666     0.0
-0.950950950950951 18.32823853853854     0.0
-0.9309309309309309 18.263111411411412     0.0
-0.9109109109109109 18.197984284284285     0.0
-0.8908908908908909 18.132857157157158     0.0
-0.8708708708708709 19.23439610636117     1.1666660763311403
-0.8508508508508509 18.002602902902904     0.0
-0.8308308308308309 16.879615699732582     -1.057860076043195
-0.8108108108108109 17.87234864864865     0.0
-0.7907907907907908 17.807221521521523     0.0
-0.7707707707707707 17.742094394394393     0.0
-0.7507507507507507 17.676967267267266     0.0
-0.7307307307307307 17.61184014014014     0.0
-0.7107107107107107 17.54671301301301     0.0
-0.6906906906906907 17.481585885885885     0.0
-0.6706706706706707 17.416458758758758     0.0
-0.6506506506506506 17.35133163163163     0.0
-0.6306306306306306 17.286204504504504     0.0
-0.6106106106106106 17.221077377377377     0.0
-0.5905905905905906 17.15595025025025     0.0
-0.5705705705705706 17.090823123123123     0.0
-0.5505505505505506 17.025695995995996     0.0
-0.5305305305305306 16.96056886886887     0.0
-0.5105105105105106 19.217090723611676     2.3216489818699353
-0.4904904904904905 16.830314614614615     0.0
-0.47047047047047047 16.765187487487488     0.0
-0.45045045045045046 16.70006036036036     0.0
-0.43043043043043044 16.634933233233234     0.0
-0.41041041041041043 19.930920705687733     3.361114599581624
-0.39039039039039036 16.50467897897898     0.0
-0.37037037037037035 16.439551851851853     0.0
-0.35035035035035034 16.374424724724726     0.0
-0.3303303303303303 16.3092975975976     0.0
-0.3103103103103103 16.244170470470472     0.0
-0.2902902902902903 16.179043343343345     0.0
-0.2702702702702703 16.113916216216218     0.0
-0.2502502502502503 16.04878908908909     0.0
-0.23023023023023023 15.983661961961962     0.0
-0.21021021021021022 15.918534834834835     0.0
-0.19019019019019018 15.853407707707708     0.0
-0.17017017017017017 15.788280580580581     0.0
-0.15015015015015015 15.723153453453454     0.0
-0.13013013013013014 13.095657278540234     -2.5623690477860928
-0.11011011011011011 15.592899199199199     0.0
-0.09009009009009009 15.527772072072072     0.0
-0.07007007007007007 15.462644944944945     0.0
-0.05005005005005005 15.397517817817818     0.0
-0.03003003003003003 15.33239069069069     0.0
-0.01001001001001001 15.267263563563564     0.0
0.01001001001001001 15.202136436436437     0.0
0.03003003003003003 15.13700930930931     0.0
0.05005005005005005 15.071882182182183     0.0
0.07007007007007007 15.006755055055056     0.0
0.09009009009009009 14.941627927927929     0.0
0.11011011011011011 14.876500800800802     0.0
0.13013013013013014 14.811373673673673     0.0
0.15015015015015015 14.746246546546546     0.0
0.17017017017017017 14.36493395496091     -0.3161854644585099
0.19019019019019018 13.310851959055663     -1.3051403332366285
0.21021021021021022 14.550865165165165     0.0
0.23023023023023023 13.387776279917855     -1.0979617581201824
0.2502502502502503 15.912395580652642     1.491784669741732
0.2702702702702703 14.355483783783784     0.0
0.2902902902902903 14.290356656656657     0.0
0.3103103103103103 14.22522952952953     0.0
0.3303303303303303 14.160102402402403     0.0
0.35035035035035034 14.094975275275276     0.0
0.37037037037037035 14.029848148148147     0.0
0.39039039039039036 13.96472102102102     0.0
0.41041041041041043 13.899593893893893     0.0
0.43043043043043044 13.834466766766766     0.0
0.45045045045045046 13.76933963963964     0.0
0.47047047047047047 13.704212512512512     0.0
0.4904904904904905 13.639085385385386     0.0
0.5105105105105106 13.573958258258259     0.0
0.5305305305305306 13.508831131131132     0.0
0.5505505505505506 13.443704004004005     0.0
0.5705705705705706 13.378576876876878     0.0
0.5905905905905906 13.31344974974975     0.0
0.6106106106106106 13.248322622622624     0.0
0.6306306306306306 13.183195495495497     0.0
0.6506506506506506 13.11806836836837     0.0
0.6706706706706707 13.052941241241241     0.0
0.6906906906906907 12.987814114114114     0.0
0.7107107107107107 12.922686986986987     0.0
0.7307307307307307 12.85755985985986     0.0
0.7507507507507507 12.792432732732733     0.0
0.7707707707707707 12.727305605605606     0.0
0.7907907907907908 12.662178478478479     0.0
0.8108108108108109 12.597051351351352     0.0
0.8308308308308309 12.531924224224223     0.0
0.8508508508508509 12.466797097097096     0.0
0.8708708708708709 12.40166996996997     0.0
0.8908908908908909 12.336542842842842     0.0
0.9109109109109109 15.806970758727237     3.535555043011522
0.9309309309309309 12.206288588588588     0.0
0.950950950950951 12.141161461461461     0.0
0.970970970970971 12.076034334334334     0.0
0.990990990990991 12.010907207207207     0.0
1.011011011011011 11.94578008008008     0.0
1.031031031031031 11.880652952952953     0.0
1.0510510510510511 11.815525825825826     0.0
1.0710710710710711 11.7503986986987     0.0
1.0910910910910911 11.685271571571572     0.0
1.1111111111111112 11.620144444444445     0.0
1.1311311311311312 11.555017317317319     0.0
1.1511511511511512 11.48989019019019     0.0
1.1711711711711712 11.424763063063063     0.0
1.1911911911911912 11.359635935935936     0.0
1.2112112112112112 11.294508808808809     0.0
1.2312312312312312 11.229381681681682     0.0
1.2512512512512513 11.164254554554555     0.0
1.2712712712712713 11.099127427427428     0.0
1.2912912912912913 11.0340003003003     0.0
1.3113113113113113 10.968873173173174     0.0
1.3313313313313313 10.903746046046045     0.0
1.3513513513513513 10.838618918918918     0.0
1.3713713713713713 10.773491791791791     0.0
1.3913913913913913 10.708364664664664     0.0
1.4114114114114114 10.643237537537537     0.0
1.4314314314314314 10.57811041041041     0.0
1.4514514514514514 10.512983283283283     0.0
1.4714714714714714 10.447856156156156     0.0
1.4914914914914914 10.38272902902903     0.0
1.5115115115115114 10.317601901901902     0.0
1.5315315315315314 10.252474774774775     0.0
1.5515515515515514 10.187347647647648     0.0
1.5715715715715717 10.122220520520521     0.0
1.5915915915915917 10.057093393393394     0.0
1.6116116116116117 9.991966266266267     0.0
1.6316316316316317 9.92683913913914     0.0
1.6516516516516517 9.861712012012012     0.0
1.6716716716716717 9.796584884884885     0.0
1.6916916916916918 8.226732635387798     -1.5047251223699591
1.7117117117117118 9.66633063063063     0.0
1.7317317317317318 10.826618476705944     1.2254149732024395
1.7517517517517518 9.536076376376377     0.0
1.7717717717717718 9.849949782536045     0.37900053328679534
1.7917917917917918 9.405822122122123     0.0
1.8118118118118118 9.340694994994994     0.0
1.8318318318318318 9.275567867867867     0.0
1.8518518518518519 7.917647000296112     -1.2927937404446275
1.8718718718718719 9.145313613613613     0.0
1.8918918918918919 9.080186486486486     0.0
1.911911911911912 9.015059359359359     0.0
1.931931931931932 7.370281283058686     -1.5796509491735462
1.951951951951952 8.884805105105105     0.0
1.971971971971972 8.819677977977978     0.0
1.991991991991992 8.754550850850851     0.0
2.012012012012012 8.689423723723724     0.0
2.032032032032032 8.624296596596597     0.0
2.052052052052052 9.291403889153964     0.7322344196844928
2.0720720720720722 8.494042342342343     0.0
2.0920920920920922 8.428915215215216     0.0
2.1121121121121122 8.36378808808809     0.0
2.1321321321321323 8.29866096096096     0.0
2.1521521521521523 8.233533833833834     0.0
2.1721721721721723 8.168406706706707     0.0
2.1921921921921923 8.82398354426639     0.7207039646868106
2.2122122122122123 8.038152452452453     0.0
2.2322322322322323 7.973025325325326     0.0
2.2522522522522523 7.907898198198199     0.0
2.2722722722722724 7.842771071071072     0.0
2.2922922922922924 6.434139293437882     -1.343504650506062
2.3123123123123124 7.712516816816817     0.0
2.3323323323323324 7.64738968968969     0.0
2.3523523523523524 7.582262562562563     0.0
2.3723723723723724 7.517135435435436     0.0
2.3923923923923924 7.452008308308309     0.0
2.4124124124124124 7.386881181181182     0.0
2.4324324324324325 7.321754054054054     0.0
2.4524524524524525 9.001673538185877     1.74504661125895
2.4724724724724725 7.1914997997998     0.0
2.4924924924924925 7.126372672672673     0.0
2.5125125125125125 7.061245545545546     0.0
2.5325325325325325 6.996118418418419     0.0
2.5525525525525525 6.930991291291292     0.0
2.5725725725725725 6.865864164164165     0.0
2.5925925925925926 6.800737037037038     0.0
2.6126126126126126 6.735609909909911     0.0
2.6326326326326326 6.670482782782784     0.0
2.6526526526526526 6.605355655655655     0.0
2.6726726726726726 6.540228528528528     0.0
2.6926926926926926 6.4751014014014014     0.0
2.7127127127127126 6.4099742742742745     0.0
2.7327327327327327 6.3448471471471475     0.0
2.7527527527527527 6.2797200200200205     0.0
2.7727727727727727 6.2145928928928935     0.0
2.7927927927927927 6.1494657657657665     0.0
2.8128128128128127 6.0843386386386396     0.0
2.8328328328328327 4.531088807527903     -1.4881227039836094
2.8528528528528527 5.954084384384386     0.0
2.8728728728728727 5.888957257257259     0.0
2.8928928928928928 5.823830130130132     0.0
2.9129129129129128 5.758703003003005     0.0
2.932932932932933 5.693575875875878     0.0
2.952952952952953 5.106743001844063     -0.5217057469046856
2.972972972972973 5.563321621621622     0.0
2.992992992992993 5.498194494494495     0.0
3.013013013013013 5.433067367367368     0.0
3.033033033033033 5.367940240240241     0.0
3.053053053053053 5.302813113113114     0.0
3.073073073073073 5.237685985985987     0.0
3.093093093093093 5.17255885885886     0.0
3.113113113113113 5.107431731731733     0.0
3.1331331331331334 5.042304604604604     0.0
3.1531531531531534 4.44900861666779     -0.5281688608096871
3.1731731731731734 4.91205035035035     0.0
3.1931931931931934 4.846923223223223     0.0
3.2132132132132134 4.781796096096096     0.0
3.2332332332332334 4.716668968968969     0.0
3.2532532532532534 4.651541841841842     0.0
3.2732732732732734 4.586414714714715     0.0
3.2932932932932935 4.521287587587588     0.0
3.3133133133133135 6.43403956096801     1.9778791005075507
3.3333333333333335 4.391033333333333     0.0
3.3533533533533535 4.325906206206206     0.0
3.3733733733733735 4.260779079079079     0.0
3.3933933933933935 4.195651951951952     0.0
3.4134134134134135 4.130524824824825     0.0
3.4334334334334335 4.065397697697698     0.0
3.4534534534534536 4.000270570570571     0.0
3.4734734734734736 3.935143443443444     0.0
3.4934934934934936 5.947857122037363     2.0778408057210465
3.5135135135135136 3.80488918918919     0.0
3.5335335335335336 3.739762062062063     0.0
3.5535535535535536 3.674634934934936     0.0
3.5735735735735736 3.609507807807809     0.0
3.5935935935935936 3.544380680680682     0.0
3.6136136136136137 3.479253553553553     0.0
3.6336336336336337 3.414126426426426     0.0
3.6536536536536537 3.348999299299299     0.0
3.6736736736736737 3.283872172172172     0.0
3.6936936936936937 3.218745045045045     0.0
3.7137137137137137 3.1536179179179182     0.0
3.7337337337337337 3.0884907907907913     0.0
3.7537537537537538 3.0233636636636643     0.0
3.7737737737737738 2.9582365365365373     0.0
3.793793793793794 2.8931094094094103     0.0
3.813813813813814 2.8279822822822833     0.0
3.833833833833834 2.7628551551551563     0.0
3.853853853853854 2.6977280280280294     0.0
3.873873873873874 2.6326009009009024     0.0
3.893893893893894 2.5674737737737754     0.0
3.913913913913914 2.5023466466466466     0.0
3.933933933933934 2.4372195195195197     0.0
3.953953953953954 3.3859947637364574     1.0139023713440645
3.973973973973974 1.292139314642203     -1.0148259506230626
3.993993993993994 2.2418381381381387     0.0
4.014014014014014 2.17671101101101     0.0
4.034034034034034 2.111583883883883     0.0
4.054054054054054 2.046456756756756     0.0
4.074074074074074 1.981329629629629     0.0
4.094094094094094 1.916202502502502     0.0
4.114114114114114 1.851075375375375     0.0
4.134134134134134 1.785948248248248     0.0
4.1541541541541545 1.720821121121121     0.0
4.1741741741741745 1.655693993993994     0.0
4.1941941941941945 2.685520348813395     1.0949534819465279
4.2142142142142145 1.5254397397397401     0.0
4.2342342342342345 -0.4952908801215756     -1.9556034927341888
4.2542542542542545 1.3951854854854844     0.0
4.2742742742742745 1.3300583583583574     0.0
4.2942942942942945 1.2649312312312304     0.0
4.314314314314315 1.1998041041041034     0.0
4.334334334334335 2.6651374416523255     1.530460464675349
4.354354354354355 1.0695498498498495     0.0
4.374374374374375 1.0044227227227225     0.0
4.394394394394395 0.9392955955955955     0.0
4.414414414414415 0.8741684684684685     0.0
4.434434434434435 0.8090413413413415     0.0
4.454454454454455 0.7439142142142146     0.0
4.474474474474475 0.6787870870870876     0.0
4.494494494494495 -0.26800054434824305     -0.8816605043082036
4.514514514514515 0.5485328328328336     0.0
4.534534534534535 0.4834057057057066     0.0
4.554554554554555 0.41827857857857786     0.0
4.574574574574575 0.3531514514514509     0.0
4.594594594594595 0.2880243243243239     0.0
4.614614614614615 0.22289719719719692     0.0
4.634634634634635 0.15777007007006993     0.0
4.654654654654655 0.09264294294294295     0.0
4.674674674674675 0.02751581581581597     0.0
4.694694694694695 -0.03761131131131101     0.0
4.714714714714715 -0.102738438438438     0.0
4.734734734734735 0.8024696549145114     0.9703352204800764
4.754754754754755 -1.395517033840169     -1.162524341147477
4.774774774774775 -0.29811981981981894     0.0
4.794794794794795 -0.3632469469469459     0.0
4.814814814814815 -0.4283740740740729     0.0
4.834834834834835 -0.4935012012011999     0.0
4.854854854854855 -0.5586283283283286     0.0
4.874874874874875 -0.6237554554554556     0.0
4.894894894894895 -0.6888825825825826     0.0
4.914914914914915 -0.7540097097097096     0.0
4.934934934934935 -0.8191368368368366     0.0
4.954954954954955 -0.8842639639639636     0.0
4.974974974974975 -0.9493910910910905     0.0
4.994994994994995 -0.5390602230343177     0.47545799518389986
5.015015015015015 -1.0796453453453445     0.0
5.035035035035035 -1.1447724724724715     0.0
5.055055055055055 -1.2098995995995985     0.0
5.075075075075075 -1.2750267267267255     0.0
5.095095095095095 -1.3401538538538524     0.0
5.115115115115115 -1.4052809809809794     0.0
5.135135135135135 0.6571737373117505     2.127581845419857
5.155155155155155 -1.5355352352352334     0.0
5.175175175175175 -1.6006623623623604     0.0
5.195195195195195 -1.6657894894894874     0.0
5.215215215215215 -1.7309166166166143     0.0
5.235235235235235 -1.7960437437437413     0.0
5.255255255255255 -1.8431332897358317     0.018037581135036684
5.275275275275275 -1.9262979979979953     0.0
5.295295295295295 -1.9914251251251223     0.0
5.315315315315315 -2.056552252252253     0.0
5.335335335335335 -2.12167937937938     0.0
5.355355355355355 -2.1868065065065068     0.0
5.375375375375375 -1.8703239853287266     0.3816096483049072
5.395395395395395 -2.3170607607607607     0.0
5.415415415415415 -2.3821878878878877     0.0
5.435435435435435 -2.4473150150150147     0.0
5.455455455455455 -2.5124421421421417     0.0
5.475475475475475 -2.5775692692692687     0.0
5.495495495495495 -2.6426963963963956     0.0
5.515515515515515 -2.7078235235235226     0.0
5.535535535535535 -2.7729506506506496     0.0
5.555555555555555 -2.8380777777777766     0.0
5.575575575575575 -2.9032049049049036     0.0
5.595595595595595 -2.9683320320320306     0.0
5.615615615615615 -3.0334591591591575     0.0
5.635635635635635 -3.0985862862862845     0.0
5.655655655655655 -3.1637134134134115     0.0
5.675675675675675 -3.2288405405405385     0.0
5.6956956956956954 -3.2939676676676655     0.0
5.7157157157157155 -3.3590947947947924     0.0
5.7357357357357355 -3.4242219219219194     0.0
5.7557557557557555 -3.4893490490490464     0.0
5.7757757757757755 -3.5544761761761734     0.0
5.7957957957957955 -3.6196033033033004     0.0
5.8158158158158155 -3.6847304304304274     0.0
5.8358358358358355 -3.7498575575575543     0.0
5.8558558558558556 -3.8149846846846813     0.0
5.875875875875876 -3.8801118118118083     0.0
5.895895895895896 -3.945238938938939     0.0
5.915915915915916 -6.587709947328408     -2.5773438812623417
5.935935935935936 -4.075493193193193     0.0
5.955955955955956 -4.14062032032032     0.0
5.975975975975976 -4.205747447447447     0.0
5.995995995995996 -8.472058193135569     -4.201183618560995
6.016016016016016 -4.336001701701701     0.0
6.036036036036036 -4.401128828828828     0.0
6.056056056056056 -4.466255955955955     0.0
6.076076076076076 -4.531383083083082     0.0
6.096096096096096 -4.596510210210209     0.0
6.116116116116116 -4.661637337337336     0.0
6.136136136136136 -4.726764464464463     0.0
6.156156156156156 -4.79189159159159     0.0
6.176176176176176 -4.857018718718717     0.0
6.196196196196196 -4.922145845845844     0.0
6.216216216216216 -4.987272972972971     0.0
6.236236236236236 -5.0524001001000975     0.0
6.256256256256257 -5.117527227227228     0.0
6.276276276276277 -4.3588790314855315     0.8237753228688238
6.296296296296297 -5.247781481481482     0.0
6.316316316316317 -5.312908608608609     0.0
6.336336336336337 -5.378035735735736     0.0
6.356356356356357 -5.443162862862863     0.0
6.376376376376377 -5.50828998998999     0.0
6.396396396396397 -5.573417117117117     0.0
6.416416416416417 -5.638544244244244     0.0
6.436436436436437 -5.703671371371371     0.0
6.456456456456457 -5.768798498498498     0.0
6.476476476476477 -5.833925625625625     0.0
6.496496496496497 -5.899052752752752     0.0
6.516516516516517 -5.964179879879879     0.0
6.536536536536537 -6.029307007007006     0.0
6.556556556556557 -6.094434134134133     0.0
6.576576576576577 -6.15956126126126     0.0
6.596596596596597 -6.224688388388387     0.0
6.616616616616617 -0.18872684744981605     6.101088668065701
6.636636636636637 -6.354942642642644     0.0
6.656656656656657 -6.420069769769771     0.0
6.676676676676677 -6.485196896896898     0.0
6.696696696696697 -6.550324024024025     0.0
6.716716716716717 -6.615451151151152     0.0
6.736736736736737 -6.680578278278279     0.0
6.756756756756757 -6.745705405405406     0.0
6.776776776776777 -6.810832532532533     0.0
6.796796796796797 -6.87595965965966     0.0
6.816816816816817 -6.941086786786787     0.0
6.836836836836837 -6.68617683115441     0.32003708275950443
6.856856856856857 -7.071341041041041     0.0
6.876876876876877 -7.136468168168168     0.0
6.896896896896897 -7.201595295295295     0.0
6.916916916916917 -7.23399508580539     0.03272733661703256
6.936936936936937 -7.331849549549549     0.0
6.956956956956957 -7.396976676676676     0.0
6.976976976976977 -7.462103803803803     0.0
6.996996996996997 -7.52723093093093     0.0
7.017017017017017 -7.592358058058057     0.0
7.037037037037037 -7.657485185185184     0.0
7.057057057057057 -7.722612312312311     0.0
7.077077077077077 -7.787739439439438     0.0
7.097097097097097 -7.852866566566565     0.0
7.117117117117117 -8.288311752941121     -0.3703180592474297
7.137137137137137 -7.983120820820819     0.0
7.157157157157157 -8.048247947947946     0.0
7.177177177177177 -8.113375075075073     0.0
7.197197197197197 -8.1785022022022     0.0
7.217217217217217 -8.24362932932933     0.0
7.237237237237237 -8.308756456456457     0.0
7.257257257257257 -8.373883583583584     0.0
7.277277277277277 -8.439010710710711     0.0
7.297297297297297 -8.504137837837838     0.0
7.317317317317317 -7.424122083846048     1.1451428811189173
7.337337337337337 -8.634392092092092     0.0
7.357357357357357 -8.69951921921922     0.0
7.377377377377377 -8.764646346346346     0.0
7.397397397397397 -8.829773473473473     0.0
7.4174174174174174 -8.8949006006006     0.0
7.4374374374374375 -8.960027727727727     0.0
7.4574574574574575 -5.720065661048585     3.30508919380627
7.4774774774774775 -5.208710222339751     3.88157175964223
7.4974974974974975 -9.155409109109108     0.0
7.5175175175175175 -9.220536236236235     0.0
7.5375375375375375 -9.285663363363362     0.0
7.5575575575575575 -9.350790490490489     0.0
7.5775775775775776 -9.415917617617616     0.0
7.597597597597598 -9.481044744744743     0.0
7.617617617617618 -12.981214479813556     -3.4350426079416865
7.637637637637638 -9.611298998998997     0.0
7.657657657657658 -9.676426126126124     0.0
7.677677677677678 -10.386981526357689     -0.6454282731044374
7.697697697697698 -9.806680380380378     0.0
7.717717717717718 -9.871807507507505     0.0
7.737737737737738 -9.936934634634632     0.0
7.757757757757758 -10.002061761761759     0.0
7.777777777777778 -10.067188888888886     0.0
7.797797797797798 -10.132316016016013     0.0
7.817817817817818 -10.197443143143143     0.0
7.837837837837838 -10.26257027027027     0.0
7.857857857857858 -10.327697397397397     0.0
7.877877877877878 -10.392824524524524     0.0
7.897897897897898 -10.457951651651651     0.0
7.917917917917918 -10.523078778778778     0.0
7.937937937937938 -10.588205905905905     0.0
7.957957957957958 -10.653333033033032     0.0
7.977977977977978 -10.71846016016016     0.0
7.997997997997998 -10.783587287287286     0.0
8.018018018018019 -10.848714414414417     0.0
8.038038038038039 -10.913841541541544     0.0
8.058058058058059 -10.97896866866867     0.0
8.078078078078079 -11.044095795795798     0.0
8.098098098098099 -11.109222922922925     0.0
8.118118118118119 -11.174350050050052     0.0
8.138138138138139 -13.956604309324028     -2.7171271321468486
8.158158158158159 -11.304604304304306     0.0
8.178178178178179 -11.369731431431433     0.0
8.198198198198199 -11.43485855855856     0.0
8.218218218218219 -11.499985685685687     0.0
8.238238238238239 -11.565112812812814     0.0
8.258258258258259 -11.63023993993994     0.0
8.278278278278279 -11.695367067067068     0.0
8.298298298298299 -11.760494194194195     0.0
8.318318318318319 -11.825621321321321     0.0
8.338338338338339 -11.890748448448448     0.0
8.358358358358359 -11.955875575575575     0.0
8.378378378378379 -12.021002702702702     0.0
8.398398398398399 -12.08612982982983     0.0
8.418418418418419 -12.151256956956956     0.0
8.438438438438439 -12.216384084084083     0.0
8.458458458458459 -12.28151121121121     0.0
8.478478478478479 -14.321136394858065     -1.9744980565197285
8.498498498498499 -12.411765465465464     0.0
8.518518518518519 -12.476892592592595     0.0
8.538538538538539 -12.542019719719722     0.0
8.558558558558559 -12.346890274945979     0.26025657190087004
8.578578578578579 -12.672273973973976     0.0
8.598598598598599 -12.737401101101103     0.0
8.618618618618619 -12.80252822822823     0.0
8.63863863863864 -12.867655355355357     0.0
8.65865865865866 -12.932782482482484     0.0
8.67867867867868 -12.99790960960961     0.0
8.6986986986987 -13.063036736736738     0.0
8.71871871871872 -13.128163863863865     0.0
8.73873873873874 -13.193290990990992     0.0
8.75875875875876 -13.258418118118119     0.0
8.77877877877878 -13.323545245245246     0.0
8.7987987987988 -13.388672372372373     0.0
8.81881881881882 -13.4537994994995     0.0
8.83883883883884 -13.518926626626627     0.0
8.85885885885886 -13.584053753753754     0.0
8.87887887887888 -13.64918088088088     0.0
8.8988988988989 -13.714308008008008     0.0
8.91891891891892 -13.779435135135135     0.0
8.93893893893894 -13.844562262262261     0.0
8.95895895895896 -13.909689389389388     0.0
8.97897897897898 -13.974816516516515     0.0
8.998998998999 -12.065416676876918     1.9745269667667253
9.01901901901902 -14.10507077077077     0.0
9.03903903903904 -14.170197897897896     0.0
9.05905905905906 -14.235325025025023     0.0
9.07907907907908 -14.30045215215215     0.0
9.0990990990991 -14.365579279279277     0.0
9.11911911911912 -14.430706406406408     0.0
9.13913913913914 -14.495833533533535     0.0
9.15915915915916 -14.560960660660662     0.0
9.17917917917918 -14.626087787787789     0.0
9.1991991991992 -14.691214914914916     0.0
9.21921921921922 -14.756342042042043     0.0
9.23923923923924 -14.82146916916917     0.0
9.25925925925926 -14.886596296296297     0.0
9.27927927927928 -14.951723423423424     0.0
9.2992992992993 -15.01685055055055     0.0
9.31931931931932 -15.081977677677678     0.0
9.33933933933934 -15.147104804804805     0.0
9.35935935935936 -15.212231931931932     0.0
9.37937937937938 -15.277359059059059     0.0
9.3993993993994 -15.342486186186186     0.0
9.41941941941942 -15.407613313313313     0.0
9.43943943943944 -15.47274044044044     0.0
9.45945945945946 -15.537867567567567     0.0
9.47947947947948 -15.602994694694694     0.0
9.4994994994995 -15.66812182182182     0.0
9.51951951951952 -15.733248948948948     0.0
9.53953953953954 -15.798376076076075     0.0
9.55955955955956 -15.863503203203202     0.0
9.57957957957958 -15.928630330330328     0.0
9.5995995995996 -15.993757457457455     0.0
9.61961961961962 -16.058884584584582     0.0
9.63963963963964 -16.12401171171171     0.0
9.65965965965966 -16.189138838838836     0.0
9.67967967967968 -16.254265965965963     0.0
9.6996996996997 -17.553356763610605     -1.2339636705175154
9.71971971971972 -16.38452022022022     0.0
9.73973973973974 -16.449647347347348     0.0
9.75975975975976 -16.514774474474475     0.0
9.77977977977978 -16.579901601601602     0.0
9.7997997997998 -16.64502872872873     0.0
9.81981981981982 -16.710155855855856     0.0
9.83983983983984 -16.775282982982983     0.0
9.85985985985986 -16.84041011011011     0.0
9.87987987987988 -16.905537237237237     0.0
9.8998998998999 -16.970664364364364     0.0
9.91991991991992 -17.03579149149149     0.0
9.93993993993994 -17.100918618618618     0.0
9.95995995995996 -17.166045745745745     0.0
9.97997997997998 -17.23117287287287     0.0
10.0 -17.2963     0.0
