2.0 -3.6339911618176943     -3.6337280954292956
2.004004004004004 -0.00026787148039847066     0.0
2.008008008008008 -0.0002727643385085115     0.0
2.012012012012012 -0.0002777465657137318     0.0
2.016016016016016 -0.00028281979427316456     0.0
2.02002002002002 -0.00028798568625463514     0.0
2.024024024024024 -0.00029324593407901604     0.0
2.028028028028028 -0.00029860226107442057     0.0
2.032032032032032 -0.0003040564220405092     0.0
2.036036036036036 -1.8323004635155402     -1.831990853311717
2.04004004004004 -0.0003152654258992241     0.0
2.044044044044044 -0.0003210239409729683     0.0
2.048048048048048 -0.0003268876355820409     0.0
2.052052052052052 -0.00033285843071551973     0.0
2.056056056056056 -0.00033893828244282596     0.0
2.06006006006006 -0.00034512918255418835     0.0
2.064064064064064 -0.00035143315921278614     0.0
2.068068068068068 -0.00035785227761880064     0.0
2.0720720720720722 -0.00036438864068557723     0.0
2.076076076076076 -0.0003710443897281256     0.0
2.08008008008008 -0.00037782170516418765     0.0
2.084084084084084 -0.00038472280722809155     0.0
2.088088088088088 -0.00039174995669762986     0.0
2.0920920920920922 -0.00039890545563420725     0.0
2.096096096096096 -0.00040619164813648033     0.0
2.1001001001001 -0.0004136109211077593     0.0
2.104104104104104 -0.00042116570503740046     0.0
2.108108108108108 -0.0004288584747964595     0.0
2.1121121121121122 -0.00043669175044785616     0.0
2.116116116116116 -0.00044466809807132174     0.0
2.12012012012012 -0.00045279013060339567     0.0
2.124124124124124 -0.0004610605086927414     0.0
2.1281281281281283 -0.0004694819415710694     0.0
2.1321321321321323 -0.0004780571879399368     0.0
2.136136136136136 -0.00048678905687373977     0.0
2.14014014014014 -0.0004956804087391598     0.0
2.144144144144144 -0.0005047341561313884     0.0
2.1481481481481484 -0.0005139532648274275     0.0
2.1521521521521523 -0.0005233407547567682     0.0
2.156156156156156 -0.0005328997009897901     0.0
2.16016016016016 -0.0005426332347441689     0.0
2.164164164164164 -0.0005525445444096472     0.0
2.1681681681681684 -0.3840380618954266     -0.38347542501883514
2.1721721721721723 -0.0005729135371729742     0.0
2.176176176176176 -0.0005833778923972361     0.0
2.18018018018018 -0.0005940333699688752     0.0
2.184184184184184 0.01607845901502698     0.016683342475202596
2.1881881881881884 -0.0006159317170304439     0.0
2.1921921921921923 -0.0006271817594345387     0.0
2.196196196196196 -0.0006386372723614484     0.0
2.2002002002002 -0.000650302008062817     0.0
2.204204204204204 -0.000662179787296118     0.0
2.2082082082082084 -0.000674274500574759     0.0
2.2122122122122123 -0.0006865901094409736     0.0
2.2162162162162162 1.3077178717928184     1.3084170024405803
2.22022022022022 -0.0007119002230494477     0.0
2.224224224224224 -0.0007249030178037875     0.0
2.2282282282282284 -0.0007381432908819234     0.0
2.2322322322322323 -0.0007516253788907522     0.0
2.2362362362362362 0.2866342788920824     0.2873996325896881
2.24024024024024 -0.0007793327434152147     0.0
2.244244244244244 -0.0007935670947914777     0.0
2.2482482482482484 -0.0008080614137880624     0.0
2.2522522522522523 0.5399214008899809     0.5407442213375456
2.2562562562562563 -0.0008378490299403304     0.0
2.26026026026026 -0.0008531520829732984     0.0
2.264264264264264 -0.0008687346185718682     0.0
2.2682682682682684 -0.0008846017401329383     0.0
2.2722722722722724 -0.0009007586442110529     0.0
2.2762762762762763 -0.0009172106222177772     0.0
2.28028028028028 -0.0009339630621519945     0.0
2.284284284284284 -0.0009510214503617395     0.0
2.2882882882882885 -0.0009683913733381244     0.0
2.2922922922922924 -0.0009860785195419204     0.0
2.2962962962962963 -0.001004088681263443     0.0
2.3003003003003 -0.0010224277565162741     0.0
2.304304304304304 -0.0010411017509654882     0.0
2.3083083083083085 -0.0010601167798909908     0.0
2.3123123123123124 -0.0010794790701865993     0.0
2.3163163163163163 -0.0010991949623955328     0.0
2.32032032032032 -0.0011192709127829604     0.0
2.324324324324324 0.8885939129534439     0.8897336264488902
2.3283283283283285 -0.0011605294044637958     0.0
2.3323323323323324 -0.001181725456082561     0.0
2.3363363363363363 -0.0012033085909459837     0.0
2.34034034034034 -0.0012252858763620103     0.0
2.344344344344344 -0.0012476645086125953     0.0
2.3483483483483485 -0.0012704518153051857     0.0
2.3523523523523524 -0.0012936552577669934     0.0
2.3563563563563563 -0.0013172824334828604     0.0
2.3603603603603602 2.7680683015489165     2.769409642627494
2.364364364364364 -0.001365839070342632     0.0
2.3683683683683685 -0.0013907844298107965     0.0
2.3723723723723724 0.3975294182287124     0.39894560355308745
2.3763763763763763 -0.0014420500704569786     0.0
2.3803803803803802 -0.0014683871362230838     0.0
2.3843843843843846 -0.001495205144350424     0.0
2.3883883883883885 -0.0015225128748427078     0.0
2.3923923923923924 -0.0015503192678975374     0.0
2.3963963963963963 -0.0015786334268257807     0.0
2.4004004004004003 -0.0016074646210240337     0.0
2.4044044044044046 -0.0016368222890011217     0.0
2.4084084084084085 -0.0016667160414595868     0.0
2.4124124124124124 -0.0016971556644332457     0.0
2.4164164164164164 -0.0017281511224817117     0.0
2.4204204204204203 -0.001759712561942998     0.0
2.4244244244244246 -0.0017918503142452292     0.0
2.4284284284284285 -0.0018245748992784905     0.0
2.4324324324324325 -0.0018578970288279982     0.0
2.4364364364364364 0.24721894613215004     0.24911077374221963
2.4404404404404403 2.4645220465753015     2.46644842432443
2.4444444444444446 -0.0019615587547039243     0.0
2.4484484484484486 -0.001997382141756711     0.0
2.4524524524524525 -0.0020338596352674795     0.0
2.4564564564564564 -0.0020710031740604385     0.0
2.4604604604604603 -0.0021088249146976102     0.0
2.4644644644644647 -0.002147337235443595     0.0
2.4684684684684686 -0.0021865527403022713     0.0
2.4724724724724725 -0.0022264842631268002     0.0
2.4764764764764764 -0.0022671448718041497     0.0
2.4804804804804803 -0.0023085478725156047     0.0
2.4844844844844847 -0.0023507068140745224     0.0
2.4884884884884886 0.5301133599891229     0.5325069954814656
2.4924924924924925 -0.0024373479547273452     0.0
2.4964964964964964 -0.0024818585047583805     0.0
2.5005005005005003 -0.002527181706750323     0.0
2.5045045045045047 -2.3727862918356095     -2.370212959445062
2.5085085085085086 -0.002620325656355911     0.0
2.5125125125125125 -0.002668176879662112     0.0
2.5165165165165164 -0.0027169017162419072     0.0
2.5205205205205203 -0.4629313683235285     -0.4601648522162692
2.5245245245245247 -0.002817036284457939     0.0
2.5285285285285286 -0.002868478775446761     0.0
2.5325325325325325 -0.002920860409081137     0.0
2.5365365365365364 -0.002974198320941608     0.0
2.5405405405405403 -0.003028509958911766     0.0
2.5445445445445447 -0.003083813088857125     0.0
2.5485485485485486 -0.0031401258004067237     0.0
2.5525525525525525 -0.0031974665128394622     0.0
2.5565565565565564 -0.0032558539810768334     0.0
2.5605605605605604 -0.0033153073017841168     0.0
2.5645645645645647 -0.003375845919581927     0.0
2.5685685685685686 -0.0034374896333700276     0.0
2.5725725725725725 -0.0035002586027656018     0.0
2.5765765765765765 -0.0035641733546577844     0.0
2.5805805805805804 -0.0036292547898807218     0.0
2.5845845845845847 -0.0036955241900071983     0.0
2.5885885885885886 -0.0037630032242649803     0.0
2.5925925925925926 -0.003831713956578113     0.0
2.5965965965965965 -0.003901678852735379     0.0
2.6006006006006004 -0.003972920787688148     0.0
2.6046046046046047 -0.00404546305297999     0.0
2.6086086086086087 -0.004119329364310343     0.0
2.6126126126126126 -2.266160286138572     -2.2619657422693376
2.6166166166166165 -0.004271131155003675     0.0
2.6206206206206204 -0.004349116256543382     0.0
2.6246246246246248 -0.004428524664579855     0.0
2.6286286286286287 -1.1760537913594498     -1.17154440902554
2.6326326326326326 -0.004591715691820231     0.0
2.6366366366366365 -0.0046755516466604795     0.0
2.640640640640641 -0.004760917596567665     0.0
2.6446446446446448 -0.0048478414383499625     0.0
2.6486486486486487 -0.004936351576529611     0.0
2.6526526526526526 -0.005026476932548633     0.0
2.6566566566566565 -0.005118246954140267     0.0
2.660660660660661 0.42532955834211195     0.43054124996698084
2.664664664664665 -0.005306841473841662     0.0
2.6686686686686687 -0.005403727585594541     0.0
2.6726726726726726 -0.0055023816101562135     0.0
2.6766766766766765 -0.005602835773292684     0.0
2.680680680680681 -0.005705122886935961     0.0
2.684684684684685 -0.0945405194578175     -0.0887312430980176
2.6886886886886887 -0.005915330208186832     0.0
2.6926926926926926 -0.006023319066987826     0.0
2.6966966966966965 -0.00613327820088052     0.0
2.700700700700701 -0.006245243515727657     0.0
2.704704704704705 -0.006359251570179888     0.0
2.7087087087087087 -0.006475339587486739     0.0
2.7127127127127126 -0.006593545467518904     0.0
2.7167167167167166 -0.006713907799005978     0.0
2.720720720720721 -1.4663130787853256     -1.4594766129133323
2.724724724724725 -0.006961259690521204     0.0
2.7287287287287287 -0.007088329985532276     0.0
2.7327327327327327 -0.007217718228007876     0.0
2.7367367367367366 -0.007349466642340523     0.0
2.740740740740741 -0.007483618219944813     0.0
2.744744744744745 -0.007620216733111401     0.0
2.7487487487487487 -0.007759306749108442     0.0
2.7527527527527527 -0.007900933644534439     0.0
2.7567567567567566 -0.0080451436199273     0.0
2.760760760760761 -0.008191983714633705     0.0
2.764764764764765 3.929061842922222     3.9374033447441654
2.7687687687687688 -0.008493746704493342     0.0
2.7727727727727727 -2.8359003669649043     -2.827251598954959
2.7767767767767766 -0.008806616286944596     0.0
2.780780780780781 -0.008967343001358269     0.0
2.784784784784785 -0.00913100055280742     0.0
2.7887887887887888 -0.0092976422914893     0.0
2.7927927927927927 -0.009467322535299645     0.0
2.7967967967967966 -0.00964009658725873     0.0
2.800800800800801 -0.009816020753246455     0.0
2.804804804804805 -4.7022322569180535     -4.692237104558002
2.808808808808809 -0.010177549773743163     0.0
2.8128128128128127 -0.010363272418361257     0.0
2.8168168168168166 -0.010552380794946532     0.0
2.820820820820821 -0.010744936500900474     0.0
2.824824824824825 -0.010941002249690062     0.0
2.828828828828829 -0.011140641890900567     0.0
2.8328328328328327 -0.011343920430641988     0.0
2.8368368368368366 -0.011550904052315776     0.0
2.840840840840841 -0.01176166013774771     0.0
2.844844844844845 -2.1599642196181583     -2.1479879623294655
2.848848848848849 -0.01219476534872035     0.0
2.8528528528528527 -0.012417255425481026     0.0
2.8568568568568566 -0.012643799913369289     0.0
2.860860860860861 -0.012874472516581333     0.0
2.864864864864865 -0.013109348272578876     0.0
2.868868868868869 -0.013348503575964581     0.0
2.8728728728728727 -0.013592016202776058     0.0
2.876876876876877 0.5841504583379088     0.5979904236731142
2.880880880880881 -0.014092431586751355     0.0
2.884884884884885 -0.014349497027811712     0.0
2.888888888888889 -0.014611245211722523     0.0
2.8928928928928928 -0.014877761201252417     0.0
2.896896896896897 -0.015149131595558866     0.0
2.900900900900901 1.6694747243140813     1.6849001688716956
2.904904904904905 -0.015706789842110123     0.0
2.908908908908909 -0.015993258823845998     0.0
2.9129129129129128 -0.016284944526612583     0.0
2.916916916916917 -0.016581941652576176     0.0
2.920920920920921 -0.01688434661217273     0.0
2.924924924924925 -0.01719225755452044     0.0
2.928928928928929 -0.017505774398358605     0.0
2.932932932932933 -0.017824998863521804     0.0
2.936936936936937 -1.8688485135493138     -1.850698479046356
2.940940940940941 -0.018480986735298053     0.0
2.944944944944945 0.354180859418388     0.37299882229637826
2.948948948948949 -0.01916107218100063     0.0
2.952952952952953 -0.019510425861096817     0.0
2.956956956956957 -0.019866137136719333     0.0
2.960960960960961 -0.02022832126345144     0.0
2.964964964964965 -0.020597095570097614     0.0
2.968968968968969 -0.02097257949537896     0.0
2.972972972972973 -0.021354894625256447     0.0
2.976976976976977 -0.02174416473089146     0.0
2.980980980980981 -0.02214051580725335     0.0
2.984984984984985 -0.02254407611238528     0.0
2.988988988988989 -0.022954976207337087     0.0
2.992992992992993 -0.023373348996776743     0.0
2.996996996996997 -0.023799329770290555     0.0
3.001001001001001 -0.02423305624438254     0.0
3.005005005005005 0.008584540795957083     0.0332592094011413
3.009009009009009 -0.025124309551885486     0.0
3.013013013013013 -0.02558212434089743     0.0
3.017017017017017 -0.026048260830758563     0.0
3.021021021021021 -0.02652286952779541     0.0
3.025025025025025 -0.02700610363254955     0.0
3.029029029029029 2.0286645908798993     2.056162709966881
3.033033033033033 -0.02799907462246412     0.0
3.037037037037037 -0.02850913180857731     0.0
3.041041041041041 -0.02902845510271436     0.0
3.045045045045045 -0.02955721190051451     0.0
3.049049049049049 -0.030095572587131535     0.0
3.053053053053053 -0.030643710589351728     0.0
3.057057057057057 -0.03120180242857388     0.0
3.061061061061061 -0.03177002777466256     0.0
3.065065065065065 -0.03234856950068884     0.0
3.069069069069069 -0.032937613738569696     0.0
3.073073073073073 -0.03353734993562002     0.0
3.0770770770770772 -0.034147970912029216     0.0
3.081081081081081 -0.03476967291927628     0.0
3.085085085085085 -0.03540265569949604     0.0
3.089089089089089 -0.03604712254580948     0.0
3.093093093093093 -0.036703280363632     0.0
3.0970970970970972 -0.037371339732972825     0.0
3.101101101101101 -0.03805151497173836     0.0
3.105105105105105 -0.03874402420005498     0.0
3.109109109109109 -0.7750591657542445     -0.7356100763486222
3.113113113113113 -0.04016693651011251     0.0
3.1171171171171173 -0.04089779543662927     0.0
3.121121121121121 -0.04164190017823865     0.0
3.125125125125125 -0.042399488867588826     0.0
3.129129129129129 -0.04317080384762927     0.0
3.1331331331331334 -0.04395609174344573     0.0
3.1371371371371373 -0.04475560353522389     0.0
3.141141141141141 -0.045569594632356526     0.0
3.145145145145145 4.467755166653456     4.514153491602164
3.149149149149149 -0.047242058979049754     0.0
3.1531531531531534 -0.04810106587668173     0.0
3.1571571571571573 -0.04897561953225319     0.0
3.161161161161161 -0.049865998653798094     0.0
3.165165165165165 -0.05077248684799745     0.0
3.169169169169169 -0.05169537270268497     0.0
3.1731731731731734 -0.052634949870608135     0.0
3.1771771771771773 -0.05359151715445952     0.0
3.181181181181181 2.395194511380123     2.449759889973316
3.185185185185185 -0.05555684354963851     0.0
3.189189189189189 -0.05656622679942593     0.0
3.1931931931931934 -0.057593848621239604     0.0
3.1971971971971973 -0.05864003488840804     0.0
3.201201201201201 -0.05970511716184919     0.0
3.205205205205205 -0.06078943278438094     0.0
3.209209209209209 -0.06189332497641193     0.0
3.2132132132132134 -0.0630171429330247     0.0
3.2172172172172173 -0.06416124192246506     0.0
3.2212212212212212 -0.06532598338605013     0.0
3.225225225225225 -0.06651173503950679     0.0
3.229229229229229 -0.067718870975754     0.0
3.2332332332332334 -0.06894777176914066     0.0
3.2372372372372373 -0.07019882458114952     0.0
3.2412412412412412 -1.9957430854244977     -1.9242706621569154
3.245245245245245 -0.07276896848723187     0.0
3.249249249249249 -0.07408886781205758     0.0
3.2532532532532534 -0.07543253583887037     0.0
3.2572572572572573 -0.07680039430253932     0.0
3.2612612612612613 -0.07819287219073118     0.0
3.265265265265265 -0.07961040586018811     0.0
3.269269269269269 -0.08105343915455597     0.0
3.2732732732732734 -0.08252242352376993     0.0
3.2772772772772774 -0.08401781814500511     0.0
3.2812812812812813 -0.08554009004520077     0.0
3.285285285285285 -0.08708971422516372     0.0
3.289289289289289 -0.08866717378525667     0.0
3.2932932932932935 -0.09027296005267832     0.0
3.2972972972972974 -0.09190757271033814     0.0
3.3013013013013013 -0.09357151992733286     0.0
3.305305305305305 -0.0952653184910234     0.0
3.309309309309309 -0.09698949394072005     0.0
3.3133133133133135 -0.0987445807029731     0.0
3.3173173173173174 -0.10053112222847142     0.0
3.3213213213213213 1.250005591747722     1.3523552628782727
3.325325325325325 -0.10420078932530646     0.0
3.329329329329329 -0.10608504817331235     0.0
3.3333333333333335 -0.10800302862294099     0.0
3.3373373373373374 -0.10995532135527973     0.0
3.3413413413413413 -0.11194252693064076     0.0
3.3453453453453452 -0.11396525593665406     0.0
3.349349349349349 -0.11602412913793893     0.0
3.3533533533533535 -0.11811977762734188     0.0
3.3573573573573574 -0.12025284297873316     0.0
3.3613613613613613 -0.1224239774013479     0.0
3.3653653653653652 2.6783334275258492     2.8029672714215073
3.369369369369369 -0.1268831164107613     0.0
3.3733733733733735 0.4853884033437043     0.6145608833469729
3.3773773773773774 -0.13150263099767331     0.0
3.3813813813813813 -0.1338742771481814     0.0
3.3853853853853852 -0.13628813780197824     0.0
3.3893893893893896 -0.13874494406391177     0.0
3.3933933933933935 4.258790695932195     4.400036134894756
3.3973973973973974 -0.14379037761766794     0.0
3.4014014014014013 -0.1463805274088983     0.0
3.4054054054054053 -0.14901666814589634     0.0
3.4094094094094096 -0.1516995922396058     0.0
3.4134134134134135 2.646759438644163     2.801189543518976
3.4174174174174174 -0.1572090241838751     0.0
3.4214214214214214 -0.16003718142159468     0.0
3.4254254254254253 -0.16291542114118507     0.0
3.4294294294294296 -0.1658446013712905     0.0
3.4334334334334335 -0.16882559379400144     0.0
3.4374374374374375 -0.17185928392381775     0.0
3.4414414414414414 -0.17494657128749566     0.0
3.4454454454454453 -0.17808836960472635     0.0
3.4494494494494496 -0.1812856069695758     0.0
3.4534534534534536 -0.18453922603262163     0.0
3.4574574574574575 -0.18785018418371913     0.0
3.4614614614614614 -0.19121945373531754     0.0
3.4654654654654653 -0.19464802210625012     0.0
3.4694694694694697 -0.1981368920059205     0.0
3.4734734734734736 -0.20168708161879081     0.0
3.4774774774774775 -0.2052996247890914     0.0
3.4814814814814814 -0.20897557120564902     0.0
3.4854854854854853 -0.212715986586741     0.0
3.4894894894894897 -0.21652195286486703     0.0
3.4934934934934936 -0.22039456837133553     0.0
3.4974974974974975 -0.22433494802054857     0.0
3.5015015015015014 -0.22834422349386643     0.0
3.5055055055055053 -0.2324235434229319     0.0
3.5095095095095097 -0.23657407357232438     0.0
3.5135135135135136 -0.24079699702140642     0.0
3.5175175175175175 -0.24509351434523505     0.0
3.5215215215215214 -0.2494648437943764     0.0
3.5255255255255253 -0.2539122214734854     0.0
3.5295295295295297 -0.2584369015184892     0.0
3.5335335335335336 -0.26304015627220634     0.0
3.5375375375375375 -0.26772327645824634     0.0
3.5415415415415414 -0.27248757135299545     0.0
3.5455455455455454 -0.2773343689555162     0.0
3.5495495495495497 -0.2822650161551761     0.0
3.5535535535535536 -0.2872808788967911     0.0
3.5575575575575575 -0.2923833423431002     0.0
3.5615615615615615 1.589662288565442     1.8872360995997934
3.5655655655655654 -0.3028537090447718     0.0
3.5695695695695697 0.4225146296666576     0.7307391098023693
3.5735735735735736 -0.31368758790521856     0.0
3.5775775775775776 -0.31924451593380476     0.0
3.5815815815815815 -0.3248967679261446     0.0
3.5855855855855854 -0.33064586784846983     0.0
3.5895895895895897 -0.3364933600613625     0.0
3.5935935935935936 -3.095882314953998     -2.7534415055062977
3.5975975975975976 -0.3484898015354496     0.0
3.6016016016016015 -0.3546419426150287     0.0
3.6056056056056054 -0.36089885985091624     0.0
3.6096096096096097 -0.36726220138722937     0.0
3.6136136136136137 -0.37373363644690266     0.0
3.6176176176176176 -0.38031485542419824     0.0
3.6216216216216215 -0.3870075699701412     0.0
3.625625625625626 -0.39381351307059137     0.0
3.6296296296296298 -0.4007344391165436     0.0
3.6336336336336337 -0.40777212396632434     0.0
3.6376376376376376 -0.41492836499928226     0.0
3.6416416416416415 -0.42220498116060035     0.0
3.645645645645646 1.6174847126700456     2.047088525666854
3.6496496496496498 -0.4371267226816135     0.0
3.6536536536536537 -0.44477559403161515     0.0
3.6576576576576576 -0.45255233251146426     0.0
3.6616616616616615 -0.4604588652280503     0.0
3.665665665665666 1.5535810187928034     2.0220781597060578
3.66966966966967 -0.4766691298947929     0.0
3.6736736736736737 -0.4849768240547093     0.0
3.6776776776776776 -0.49342223677501845     0.0
3.6816816816816815 -0.5020074028699976     0.0
3.685685685685686 -0.510734378504654     0.0
3.68968968968969 -0.5196052410988307     0.0
3.6936936936936937 -0.5286220892164494     0.0
3.6976976976976976 -0.5377870424393313     0.0
3.7017017017017015 -0.5471022412250987     0.0
3.705705705705706 -0.5565698467485551     0.0
3.70970970970971 -0.5661920407260332     0.0
3.7137137137137137 -0.575971025222107     0.0
3.7177177177177176 -0.585909022438119     0.0
3.7217217217217216 -0.5960082744819019     0.0
3.725725725725726 -0.6062710431181537     0.0
3.72972972972973 -0.6166996094987954     0.0
3.7337337337337337 -0.6272962738727926     0.0
3.7377377377377377 -0.6380633552747278     0.0
3.7417417417417416 -0.6490031911915911     0.0
3.745745745745746 -0.6601181372070924     0.0
3.74974974974975 -3.7054094820509267     -3.033998915428012
3.7537537537537538 -0.2391153882335298     0.4437674818227078
3.7577577577577577 -0.6945374550129213     0.0
3.7617617617617616 -0.7063767454356579     0.0
3.765765765765766 -0.7184031812265145     0.0
3.76976976976977 -0.7306192177431444     0.0
3.7737737737737738 -0.7430273252680784     0.0
3.7777777777777777 -0.7556299884504085     0.0
3.7817817817817816 -0.7684297057192455     0.0
3.785785785785786 -0.7814289886682597     0.0
3.78978978978979 -0.7946303614107161     0.0
3.793793793793794 -0.8080363599043346     0.0
3.7977977977977977 -0.821649531245324     0.0
3.8018018018018016 -0.8354724329310037     0.0
3.805805805805806 -0.8495076320903723     0.0
3.80980980980981 -0.8637577046819876     0.0
3.813813813813814 -0.8782252346586032     0.0
3.8178178178178177 -0.8929128130979517     0.0
3.8218218218218216 -0.9078230372990695     0.0
3.825825825825826 -0.9229585098436613     0.0
3.82982982982983 -0.9383218376219076     0.0
3.833833833833834 -1.3927860519668727     -0.4388704211446435
3.8378378378378377 -0.9697425018844514     0.0
3.8418418418418416 -0.9858050644159586     0.0
3.845845845845846 -1.0021059320702894     0.0
3.84984984984985 -1.0186477173878183     0.0
3.853853853853854 -1.0354330305980608     0.0
3.8578578578578577 -1.0524644783832646     0.0
3.8618618618618616 -1.069744662602882     0.0
3.865865865865866 -1.0872761789787055     0.0
3.86986986986987 -1.105061615740261     0.0
3.873873873873874 -1.1231035522303827     0.0
3.8778778778778777 -1.1414045574705955     0.0
3.881881881881882 -1.1599671886863103     0.0
3.885885885885886 -1.1787939897915967     0.0
3.88988988988989 -1.1978874898335659     0.0
3.893893893893894 -1.2172502013962914     0.0
3.8978978978978978 -1.2368846189643585     0.0
3.901901901901902 -1.2567932172460725     0.0
3.905905905905906 -1.2769784494565584     0.0
3.90990990990991 -1.297442745560931     0.0
3.913913913913914 -1.318188510477779     0.0
3.9179179179179178 -1.3392181222433783     0.0
3.921921921921922 -1.360533930137011     0.0
3.925925925925926 -1.382138252767832     0.0
3.92992992992993 -1.4040333761239197     0.0
3.933933933933934 -1.4262215515840966     0.0
3.937937937937938 -1.4487049938931984     0.0
3.941941941941942 -1.4714858791016552     0.0
3.945945945945946 -1.4945663424701903     0.0
3.94994994994995 -1.5179484763406506     0.0
3.953953953953954 -1.541634327973928     0.0
3.957957957957958 -1.5656258973562327     0.0
3.961961961961962 -1.5899251349747965     0.0
3.965965965965966 -1.6145339395644545     0.0
3.96996996996997 -1.6394541558264288     0.0
3.973973973973974 -1.664687572120891     0.0
3.977977977977978 -1.690235918134821     0.0
3.981981981981982 -1.7161008625270087     0.0
3.985985985985986 -1.7422840105518185     0.0
3.98998998998999 -1.768786901663868     0.0
3.993993993993994 -1.7956110071053666     0.0
3.997997997997998 -1.8227577274784732     0.0
4.002002002002002 -1.8502283903047012     0.0
4.006006006006006 -1.8780242475738305     0.0
4.01001001001001 -1.906146473284704     0.0
4.014014014014014 -1.9345961609803872     0.0
4.018018018018018 -1.96337432128043     0.0
4.022022022022022 -1.9924818794129144     0.0
4.026026026026026 -2.0219196727490454     0.0
4.03003003003003 -2.0516884483434406     0.0
4.034034034034034 -2.081788860482873     0.0
4.038038038038038 -2.1122214682468234     0.0
4.042042042042042 -2.1429867330829726     0.0
4.046046046046046 -2.174085016400902     0.0
4.05005005005005 -2.205516577187536     0.0
4.054054054054054 -2.2372815696476507     0.0
4.058058058058058 -2.269380040873143     0.0
4.062062062062062 -3.1933383817901313     -0.8915264532454712
4.066066066066066 -0.2286286708234475     2.1059483878457708
4.07007007007007 -1.899512876649434     0.4681622667083346
4.074074074074074 -0.8751071579519518     1.5259986206943528
4.078078078078078 -2.434868442364669     0.0
4.082082082082082 -2.4689624920568067     0.0
4.086086086086086 -2.5033871629564715     0.0
4.09009009009009 -2.538141566022544     0.0
4.094094094094094 -2.5732246860378005     0.0
4.098098098098098 -2.6086353797753836     0.0
4.102102102102102 -2.6443723742369727     0.0
4.106106106106106 -2.680434264966677     0.0
4.11011011011011 -2.7168195144449103     0.0
4.114114114114114 -2.7535264505660986     0.0
4.118118118118118 -2.79055326520441     0.0
4.122122122122122 -2.8278980128715507     0.0
4.126126126126126 -2.8655586094703844     0.0
4.13013013013013 -2.9035328311485835     0.0
4.134134134134134 -2.9418183132559057     0.0
4.138138138138138 -5.185246795976507     -2.204834246567435
4.142142142142142 -3.0193128906678828     0.0
4.146146146146146 -3.0585165448260874     0.0
4.15015015015015 -1.3956418726958912     1.7023787031248363
4.1541541541541545 -3.137821903263087     0.0
4.158158158158158 -3.1779173020947273     0.0
4.162162162162162 -2.789829179993035     0.4284742223786187
4.166166166166166 -3.2589766891794696     0.0
4.17017017017017 -3.299933502682658     0.0
4.1741741741741745 -3.341170038310246     0.0
4.178178178178178 -3.382682347080641     0.0
4.182182182182182 -2.5157479093161443     0.9087184267516573
4.186186186186186 -4.696799255431806     -1.2302814864210516
4.19019019019019 -3.5088322670685264     0.0
4.1941941941941945 -3.5514053097219267     0.0
4.198198198198198 -3.594232235823791     0.0
4.202202202202202 -3.637308244798819     0.0
4.206206206206206 -3.680628397993863     0.0
4.21021021021021 -3.7241876201795967     0.0
4.2142142142142145 -3.7679807012036837     0.0
4.218218218218218 -3.81200229779599     0.0
4.222222222222222 -3.856246935525466     0.0
4.226226226226226 -3.9007090109083875     0.0
4.23023023023023 -3.9453827936674646     0.0
4.2342342342342345 -3.9902624291406372     0.0
4.238238238238238 -4.035341940838554     0.0
4.242242242242242 -4.080615233149137     0.0
4.246246246246246 -2.4872208031879084     1.638855290999444
4.25025025025025 -4.171718198788304     0.0
4.2542542542542545 -5.272488215162725     -1.054953103521699
4.258258258258258 -4.263520290560466     0.0
4.262262262262262 -4.3096670898947425     0.0
4.266266266266267 -4.355968764064179     0.0
4.27027027027027 -4.402418471228885     0.0
4.2742742742742745 -4.449009277080949     0.0
4.278278278278278 -4.495734158757078     0.0
4.282282282282282 -4.542586008867605     0.0
4.286286286286287 -4.589557639636958     0.0
4.29029029029029 -4.636641787151004     0.0
4.2942942942942945 -4.683831115706093     0.0
4.298298298298298 -4.731118222254376     0.0
4.302302302302302 -4.778495640940131     0.0
4.306306306306307 -4.825955847720999     0.0
4.31031031031031 -4.873491265068582     0.0
4.314314314314315 -4.921094266741996     0.0
4.318318318318318 -4.968757182628117     0.0
4.322322322322322 -5.0164723036422965     0.0
4.326326326326327 -5.064231886682617     0.0
4.33033033033033 -5.112028159631275     0.0
4.334334334334335 -5.159853326396121     0.0
4.338338338338338 -5.207699571985362     0.0
4.342342342342342 -4.6124035080087324     0.643155559599919
4.346346346346347 -5.303423975797241     0.0
4.35035035035035 -5.351286455536239     0.0
4.354354354354355 -5.399138667401917     0.0
4.358358358358358 -5.446972778696601     0.0
4.362362362362362 -5.4947809685743945     0.0
4.366366366366367 -5.542555433150267     0.0
4.37037037037037 -5.590288390585667     0.0
4.374374374374375 -5.637972086143549     0.0
4.378378378378378 -5.6855987972057385     0.0
4.382382382382382 -5.35016665414872     0.3829941840973298
4.386386386386387 -5.780650565752056     0.0
4.39039039039039 -5.828060383089165     0.0
4.394394394394395 -5.875382745300361     0.0
4.398398398398398 -5.922610163835155     0.0
4.402402402402402 -5.969735211201896     0.0
4.406406406406407 -6.016750525536984     0.0
4.41041041041041 -6.0636488150855365     0.0
4.414414414414415 -6.1104228625877495     0.0
4.418418418418418 -2.767061964981409     3.390003564584053
4.4224224224224224 -6.203569760503993     0.0
4.426426426426427 -6.249928586924038     0.0
4.43043043043043 -6.296135131339164     0.0
4.434434434434435 -6.342182611094371     0.0
4.438438438438438 -6.388064342081472     0.0
4.4424424424424425 -6.433773742327591     0.0
4.446446446446447 -7.052566030958986     -0.5732616955061074
4.45045045045045 -6.524649753994379     0.0
4.454454454454455 -6.569803742592788     0.0
4.458458458458458 -6.614760161039311     0.0
4.4624624624624625 -6.659512987180327     0.0
4.466466466466467 -6.704056319677391     0.0
4.47047047047047 -7.651495285351904     -0.9031109047310205
4.474474474474475 -6.792491517995617     0.0
4.478478478478478 -6.8363722079969484     0.0
4.4824824824824825 -6.880021057196611     0.0
4.486486486486487 -6.923432804557244     0.0
4.49049049049049 -6.966602323295283     0.0
4.494494494494495 -7.009524622592112     0.0
4.498498498498498 -7.052194849153242     0.0
4.5025025025025025 -5.1343901709371345     1.9602181176790963
4.506506506506507 -7.136760366807629     0.0
4.51051051051051 -7.178646650850037     0.0
4.514514514514515 -7.2202628501202755     0.0
4.518518518518518 -7.261604817059957     0.0
4.5225225225225225 -7.302668547840212     0.0
4.526526526526527 -7.343450182882139     0.0
4.53053053053053 -7.3839460072351315     0.0
4.534534534534535 -7.424152450815353     0.0
4.538538538538538 -8.656910594801063     -1.1928445062945685
4.5425425425425425 -7.50368364012573     0.0
4.546546546546547 -7.543001970257359     0.0
4.55055055055055 -6.760409948828829     0.8216081391284169
4.554554554554555 -7.62072914633104     0.0
4.558558558558558 -7.659132441989341     0.0
4.5625625625625625 -7.697225414383323     0.0
4.566566566566567 -7.735005645024063     0.0
4.57057057057057 -6.866353059300019     0.9061177972892938
4.574574574574575 -7.809618911921349     0.0
4.578578578578578 -7.846447812919507     0.0
4.5825825825825826 -7.882955699331543     0.0
4.586586586586587 -7.9191408474473395     0.0
4.59059059059059 -7.955001668699216     0.0
4.594594594594595 -7.990536708172713     0.0
4.598598598598598 -8.025744643031826     0.0
4.602602602602603 -8.060624280862925     0.0
4.606606606606607 -8.095174557941213     0.0
4.61061061061061 -8.12939453742402     0.0
4.614614614614615 -8.163283407474882     0.0
4.618618618618618 -8.19684047932248     0.0
4.622622622622623 -7.597511730198983     0.6325534550596354
4.626626626626627 -8.26295707657906     0.0
4.63063063063063 -8.295515821471463     0.0
4.634634634634635 -8.32774120285422     0.0
4.638638638638638 -8.359633116170059     0.0
4.642642642642643 -8.3911915671385     0.0
4.646646646646647 -8.422416669470694     0.0
4.65065065065065 -8.453308642550569     0.0
4.654654654654655 -8.48386780908591     0.0
4.658658658658658 -8.514094592732858     0.0
4.662662662662663 -8.543989515697547     0.0
4.666666666666667 -8.57355319631809     0.0
4.67067067067067 -8.602786346630415     0.0
4.674674674674675 -8.631689769921202     0.0
4.678678678678678 -8.660264358270945     0.0
4.682682682682683 -8.688511090090419     0.0
4.686686686686687 -8.716431027653318     0.0
4.6906906906906904 -8.744025314628118     0.0
4.694694694694695 -8.771295173611838     0.0
4.698698698698698 -8.79824190366836     0.0
4.702702702702703 -8.824866877873976     0.0
4.706706706706707 -8.85117154087251     0.0
4.7107107107107105 -8.877157406442473     0.0
4.714714714714715 -8.902826055078494     0.0
4.718718718718718 -9.203127898735838     -0.2749487671467722
4.722722722722723 -8.953218342712908     0.0
4.726726726726727 -8.977945454755604     0.0
4.7307307307307305 -9.002362291248573     0.0
4.734734734734735 -8.584249121833938     0.4422216087981228
4.738738738738738 -9.050272703963717     0.0
4.742742742742743 -9.073770192654454     0.0
4.746746746746747 -9.380340637996461     -0.2833754117635641
4.7507507507507505 -9.119859880139863     0.0
4.754754754754755 -10.163354485719715     -1.0208982121655836
4.758758758758759 -9.16475656725059     0.0
4.762762762762763 -9.18676296149192     0.0
4.766766766766767 -9.208477693954837     0.0
4.7707707707707705 -9.22990303769163     0.0
4.774774774774775 -9.251041299128026     0.0
4.778778778778779 -9.271894816097955     0.0
4.782782782782783 -9.292465955915972     0.0
4.786786786786787 -9.3127571134879     0.0
4.7907907907907905 -9.33277070946014     0.0
4.794794794794795 -9.352509188408215     0.0
4.798798798798799 -9.371975017064766     0.0
4.802802802802803 -9.391170682587434     0.0
4.806806806806807 -9.410098690866802     0.0
4.8108108108108105 -9.428761564874529     0.0
4.814814814814815 -9.447161843051962     0.0
4.818818818818819 -9.465302077739057     0.0
4.822822822822823 -9.48318483364382     0.0
4.826826826826827 -10.444201060302513     -0.9433883739503925
4.8308308308308305 -9.518188220877782     0.0
4.834834834834835 -9.535314030252911     0.0
4.838838838838839 -9.55219271415812     0.0
4.842842842842843 -9.568826877592599     0.0
4.846846846846847 -9.585219129583642     0.0
4.8508508508508505 -9.60137208193538     0.0
4.854854854854855 -10.504565821862347     -0.8872774738459188
4.858858858858859 -9.632970541585951     0.0
4.862862862862863 -10.067151869069303     -0.4187305934113831
4.866866866866867 -12.64559258344062     -2.9819494220375935
4.870870870870871 -9.678638807087799     0.0
4.874874874874875 -9.6934108170505     0.0
4.878878878878879 -9.707961790713282     0.0
4.882882882882883 -9.722294321630079     0.0
4.886886886886887 -9.73641099656969     0.0
4.890890890890891 -9.750314394633518     0.0
4.894894894894895 -9.764007086407394     0.0
4.898898898898899 -9.77749163314686     0.0
4.902902902902903 -9.790770585995382     0.0
4.906906906906907 -9.803846485234843     0.0
4.910910910910911 -9.81672185956769     0.0
4.914914914914915 -5.5235727351275825     4.305826490302562
4.918918918918919 -9.84188108633582     0.0
4.922922922922923 -9.854169932249107     0.0
4.926926926926927 -9.866268238987718     0.0
4.930930930930931 -9.878178467653685     0.0
4.934934934934935 -9.889903064092232     0.0
4.938938938938939 -9.901444458377805     0.0
4.942942942942943 -9.912805064326687     0.0
4.946946946946947 -9.923987279035467     0.0
4.950950950950951 -9.93499348244477     0.0
4.954954954954955 -9.945826036927613     0.0
4.958958958958959 -9.956487286901668     0.0
4.962962962962963 -9.966979558464908     0.0
4.966966966966967 -9.977305159053897     0.0
4.970970970970971 -9.987466377124145     0.0
4.974974974974975 -9.997465481851927     0.0
4.978978978978979 -10.007304722856889     0.0
4.982982982982983 -10.016986329944865     0.0
4.986986986986987 -10.026512512870333     0.0
4.990990990990991 -10.035885461117829     0.0
4.994994994994995 -10.045107343701824     0.0
4.998998998998999 -10.05418030898441     0.0
5.003003003003003 -10.063106484510277     0.0
5.007007007007007 -10.07188797685839     0.0
5.011011011011011 -10.33038651906848     -0.2498596475586654
5.015015015015015 -10.089025232731151     0.0
5.019019019019019 -10.097385103473048     0.0
5.023023023023023 -10.105608505283259     0.0
5.027027027027027 -10.113697438233745     0.0
5.031031031031031 -10.121653880861276     0.0
5.035035035035035 -5.2008305985341305     4.928649191586986
5.039039039039039 -10.13717710135319     0.0
5.043043043043043 -10.144747728260384     0.0
5.047047047047047 -10.15219356289843     0.0
5.051051051051051 -10.159516475676929     0.0
5.055055055055055 -9.024392399407807     1.14232591596331
5.059059059059059 -10.17380090914388     0.0
5.063063063063063 -10.180766062577637     0.0
5.067067067067067 -10.18761555971567     0.0
5.071071071071071 -12.130683244859254     -1.9363320817467908
5.075075075075075 -11.10313792023974     -0.9021633063470241
5.079079079079079 -10.207487631818614     0.0
5.083083083083083 -10.213891915364961     0.0
5.087087087087087 -10.220189141801882     0.0
5.091091091091091 -10.226380967284657     0.0
5.095095095095095 -9.278805451185619     0.9536635757648022
5.099099099099099 -10.238454935021327     0.0
5.103103103103103 -12.504628873085837     -2.260288588171926
5.107107107107107 -10.250126649354291     0.0
5.111111111111111 -10.255815580498938     0.0
5.115115115115115 -10.261408610060684     0.0
5.119119119119119 -10.26690724943971     0.0
5.123123123123123 -10.272312989859222     0.0
5.127127127127127 -10.277627302505532     0.0
5.131131131131131 -10.282851638672323     0.0
5.135135135135135 -10.287987429908792     0.0
5.1391391391391394 -10.29303608817146     0.0
5.143143143143143 -10.297999005979412     0.0
5.147147147147147 -10.302877556572724     0.0
5.151151151151151 -10.307673094073852     0.0
5.155155155155155 -10.3123869536518     0.0
5.1591591591591595 -10.317020451688808     0.0
5.163163163163163 -10.321574885949431     0.0
5.167167167167167 -10.326051535751732     0.0
5.171171171171171 -10.330451662140495     0.0
5.175175175175175 -10.334776508062184     0.0
5.1791791791791795 -10.33902729854158     0.0
5.183183183183183 -10.343205240859827     0.0
5.187187187187187 -10.347311524733799     0.0
5.191191191191191 -10.351347322496624     0.0
5.195195195195195 -10.355313789279169     0.0
5.1991991991991995 -10.359212063192423     0.0
5.203203203203203 -10.363043265510568     0.0
5.207207207207207 -10.366808500854665     0.0
5.211211211211211 -10.370508857376782     0.0
5.215215215215215 -10.374145406944487     0.0
5.2192192192192195 -10.377719205325556     0.0
5.223223223223223 -10.381231292372808     0.0
5.227227227227227 -10.38468269220897     0.0
5.231231231231231 -10.388074413411415     0.0
5.235235235235235 -10.391407449196775     0.0
5.2392392392392395 -10.394682777605235     0.0
5.243243243243243 -10.397901361684484     0.0
5.247247247247247 -15.646079381624645     -5.245015231951413
5.251251251251252 -10.40417207518418     0.0
5.255255255255255 -10.407226057386417     0.0
5.2592592592592595 -10.41022700118713     0.0
5.263263263263263 -10.41317579741257     0.0
5.267267267267267 -10.750573776529592     -0.3345004535413514
5.271271271271272 -10.418920441118193     0.0
5.275275275275275 -10.4217180014634     0.0
5.2792792792792795 -10.424466840319187     0.0
5.283283283283283 -10.427167780791581     0.0
5.287287287287287 -10.429821632972615     0.0
5.291291291291292 -10.432429194114496     0.0
5.295295295295295 -9.64031085691397     0.7946803918886335
5.2992992992992995 -10.437508569127287     0.0
5.303303303303303 -10.439981914854396     0.0
5.307307307307307 -10.442412033594543     0.0
5.311311311311312 -10.444799660971047     0.0
5.315315315315315 -10.447145520786515     0.0
5.31931931931932 -11.03699243537476     -0.5875421101866858
5.323323323323323 -10.451714774831155     0.0
5.327327327327327 -10.453939559041896     0.0
5.331331331331332 -10.456125355978054     0.0
5.335335335335335 -10.458272832788463     0.0
5.33933933933934 -10.460382645771004     0.0
5.343343343343343 -10.462455440529038     0.0
5.347347347347347 -10.464491852126354     0.0
5.351351351351352 -10.46649250524053     0.0
5.355355355355355 -10.468458014314791     0.0
5.35935935935936 -10.470388983708256     0.0
5.363363363363363 -10.472286007844648     0.0
5.367367367367367 -10.474149671359397     0.0
5.371371371371372 -10.475980549245174     0.0
5.375375375375375 -10.477779206995802     0.0
5.37937937937938 -10.47954620074861     0.0
5.383383383383383 -10.48128207742513     0.0
5.387387387387387 -10.48298737487024     0.0
5.391391391391392 -10.484662621989656     0.0
5.395395395395395 -10.48630833888585     0.0
5.3993993993994 -10.487925036992333     0.0
5.403403403403403 -10.489513219206357     0.0
5.407407407407407 -10.491073380019989     0.0
5.411411411411412 -10.492606005649595     0.0
5.415415415415415 -16.18199744978218     -5.6878858756184405
5.41941941941942 -10.495590555609462     0.0
5.423423423423423 -8.958161794687104     1.538881617449892
5.4274274274274275 -10.498470598122893     0.0
5.431431431431432 -9.300748298228068     1.1991242620634863
5.435435435435435 -10.50124973783524     0.0
5.43943943943944 -12.607876631871978     -2.105274069339525
5.443443443443443 -10.503931458864843     0.0
5.4474474474474475 -10.50523684413251     0.0
5.451451451451452 -10.506519128567788     0.0
5.455455455455455 -10.313995349215594     0.19378336623193046
5.45945945945946 -10.509016001203817     0.0
5.463463463463463 -10.510231375533262     0.0
5.4674674674674675 -10.511425221504703     0.0
5.471471471471472 -10.512597915665497     0.0
5.475475475475475 -10.513749828146308     0.0
5.47947947947948 -10.51488132276444     0.0
5.483483483483483 -10.51599275712573     0.0
5.4874874874874875 -11.335959544170697     -0.8188750614457038
5.491491491491492 -10.518156845045052     0.0
5.495495495495495 -10.519210183654357     0.0
5.4994994994995 -10.520244832303199     0.0
5.503503503503503 -10.521261119018547     0.0
5.5075075075075075 -10.522259366197513     0.0
5.511511511511512 -15.916498955407466     -5.393259064708008
5.515515515515515 -10.524203003936739     0.0
5.51951951951952 -10.52514901196416     0.0
5.523523523523523 -10.526078215567068     0.0
5.5275275275275275 -10.526990910348161     0.0
5.531531531531532 -10.527887386813015     0.0
5.535535535535535 -10.528767930454324     0.0
5.53953953953954 -10.529632821834879     0.0
5.543543543543543 -10.530482336669303     0.0
5.5475475475475475 -10.531316745904554     0.0
5.551551551551552 -10.532136315799205     0.0
5.555555555555555 -10.532941308001519     0.0
5.55955955955956 -10.533731979626339     0.0
5.563563563563563 -10.53450858333078     0.0
5.5675675675675675 -10.535271367388809     0.0
5.571571571571572 -10.536020575764603     0.0
5.575575575575575 -10.536756448184835     0.0
5.57957957957958 -10.537479220209814     0.0
5.583583583583583 -10.538189123303514     0.0
5.587587587587588 -10.538886384902531     0.0
5.591591591591592 -10.539571228483927     0.0
5.595595595595595 -10.54024387363205     0.0
5.5995995995996 -10.540904536104284     0.0
5.603603603603603 -10.541553427895739     0.0
5.607607607607608 -10.542190757302972     0.0
5.611611611611612 -10.542816728986645     0.0
5.615615615615615 -10.543431544033218     0.0
5.61961961961962 -10.544035400015652     0.0
5.623623623623623 -10.54462849105313     0.0
5.627627627627628 -10.545211007869845     0.0
5.631631631631632 -10.545783137852819     0.0
5.635635635635635 -10.546345065108822     0.0
5.63963963963964 -10.546896970520342     0.0
5.643643643643643 -10.547439031800675     0.0
5.647647647647648 -10.547971423548107     0.0
5.651651651651652 -10.548494317299241     0.0
5.655655655655655 -10.549007881581419     0.0
5.65965965965966 -10.549512281964326     0.0
5.663663663663663 -10.550007681110742     0.0
5.667667667667668 -10.550494238826454     0.0
5.671671671671672 -10.550972112109358     0.0
5.675675675675675 -10.551441455197763     0.0
5.67967967967968 -10.551902419617884     0.0
5.683683683683683 -10.552355154230574     0.0
5.687687687687688 -10.55279980527727     0.0
5.691691691691692 -10.55323651642518     0.0
5.6956956956956954 -10.553665428811739     0.0
5.6996996996997 -10.554086681088304     0.0
5.703703703703703 -10.554500409463149     0.0
5.707707707707708 -11.582708512825214     -1.0278017650814897
5.711711711711712 -10.555305827378223     0.0
5.7157157157157155 -10.555697777496466     0.0
5.71971971971972 -10.556082724950068     0.0
5.723723723723723 -10.556460794351977     0.0
5.727727727727728 -10.556832108115325     0.0
5.731731731731732 -10.557196786491625     0.0
5.7357357357357355 -10.557554947608349     0.0
5.73973973973974 -10.557906707505854     0.0
5.743743743743743 -10.558252180173692     0.0
5.747747747747748 -10.558591477586317     0.0
5.751751751751752 -10.55892470973818     0.0
5.7557557557557555 -10.55925198467823     0.0
5.75975975975976 -10.559573408543846     0.0
5.763763763763764 -7.166070346960369     3.393818738633805
5.767767767767768 -10.560199118242922     0.0
5.771771771771772 -10.56050360709058     0.0
5.7757757757757755 -10.560802650956095     0.0
5.77977977977978 -10.561096346908027     0.0
5.783783783783784 -10.561384790295154     0.0
5.787787787787788 -10.561668074776556     0.0
5.791791791791792 -10.561946292351196     0.0
5.7957957957957955 -10.562219533387001     0.0
5.7997997997998 -10.562487886649432     0.0
5.803803803803804 -10.562751439329567     0.0
5.807807807807808 -10.563010277071713     0.0
5.811811811811812 -10.563264484000543     0.0
5.8158158158158155 -10.56351414274776     0.0
5.81981981981982 -10.563759334478313     0.0
5.823823823823824 -10.564000138916152     0.0
5.827827827827828 -10.564236634369555     0.0
5.831831831831832 -10.564468897756006     0.0
5.8358358358358355 -10.564697004626654     0.0
5.83983983983984 -10.564921029190337     0.0
5.843843843843844 -10.565141044337217     0.0
5.847847847847848 -10.565357121661982     0.0
5.851851851851852 -10.56556933148666     0.0
5.8558558558558556 -10.56577774288303     0.0
5.85985985985986 -10.565982423694669     0.0
5.863863863863864 -10.566183440558577     0.0
5.867867867867868 -10.56638085892647     0.0
5.871871871871872 -10.566574743085674     0.0
5.875875875875876 -10.56676515617968     0.0
5.87987987987988 -10.566952160228317     0.0
5.883883883883884 -10.567135816147587     0.0
5.887887887887888 -10.567316183769181     0.0
5.891891891891892 -10.567493321859601     0.0
5.895895895895896 -10.567667288139     0.0
5.8998998998999 -10.567838139299663     0.0
5.903903903903904 -10.568005931024192     0.0
5.907907907907908 -10.568170718003342     0.0
5.911911911911912 -10.568332553953578     0.0
5.915915915915916 -10.56849149163431     0.0
5.91991991991992 -10.568647582864818     0.0
5.923923923923924 -10.568800878540914     0.0
5.927927927927928 -10.56895142865127     0.0
5.931931931931932 -10.569099282293497     0.0
5.935935935935936 -10.569244487689923     0.0
5.93993993993994 -10.569387092203106     0.0
5.943943943943944 -13.762779427126878     -3.193252284775817
5.947947947947948 -10.56966468382224     0.0
5.951951951951952 -8.072185980881667     2.497613780608565
5.955955955955956 -10.56993241942822     0.0
5.95995995995996 -10.570062700923165     0.0
5.963963963963964 -10.570190648489769     0.0
5.967967967967968 -10.57031630388417     0.0
5.971971971971972 -10.570439708117405     0.0
5.975975975975976 -8.365730701301256     2.2048302001673825
5.97997997997998 -10.570679923498147     0.0
5.983983983983984 -10.570796813060104     0.0
5.987987987987988 -10.570911608315095     0.0
5.991991991991992 -10.571024346742467     0.0
5.995995995995996 -10.571135065152404     0.0
6.0 -10.571243799697843     0.0
