-10.0 -903.1964260000001     0.0
-9.97997997997998 -897.3999666051288     0.0
-9.95995995995996 -891.6284892738375     0.0
-9.93993993993994 -883.2832738478722     2.5986659727720647
-9.91991991991992 -880.160264060067     0.0
-9.8998998998999 -874.4634078066239     0.0
-9.87987987987988 -868.7913168748329     0.0
-9.85985985985986 -863.143937079212     0.0
-9.83983983983984 -857.5212142342796     0.0
-9.81981981981982 -851.9230941545535     0.0
-9.7997997997998 -846.3495226545517     0.0
-9.77977977977978 -840.8004455487923     0.0
-9.75975975975976 -835.2758086517933     0.0
-9.73973973973974 -829.7755577780731     0.0
-9.71971971971972 -824.2996387421496     0.0
-9.6996996996997 -818.8479973585403     0.0
-9.67967967967968 -813.4205794417641     0.0
-9.65965965965966 -811.1705847497471     -3.153253943408407
-9.63963963963964 -802.6381972667818     0.0
-9.61961961961962 -793.898330642992     3.3847939946199794
-9.5995995995996 -791.9520587333471     0.0
-9.57957957957958 -786.6449453685053     0.0
-9.55955955955956 -781.3617303576044     0.0
-9.53953953953954 -776.1023595151629     0.0
-9.51951951951952 -766.9166349324825     3.9501437232157617
-9.4994994994995 -765.8121463461413     -0.15721275241229676
-9.47947947947948 -760.466770143773     0.0
-9.45945945945946 -755.3022341203483     0.0
-9.43943943943944 -750.1612713379732     0.0
-9.41941941941942 -745.0438276111653     0.0
-9.3993993993994 -739.949848754443     0.0
-9.37937937937938 -734.8792805823242     0.0
-9.35935935935936 -729.8320689093272     0.0
-9.33933933933934 -724.8081595499699     0.0
-9.31931931931932 -719.8074983187701     0.0
-9.2992992992993 -714.8300310302462     0.0
-9.27927927927928 -712.9132843609295     -3.0375808620134848
-9.25925925925926 -704.9814297142567     -0.0369681749588403
-9.23923923923924 -700.0362509659097     0.0
-9.21921921921922 -695.1510175932696     0.0
-9.1991991991992 -690.2887072358955     0.0
-9.17917917917918 -685.4492657083056     0.0
-9.15915915915916 -680.6326388250178     0.0
-9.13913913913914 -675.8387724005503     0.0
-9.11911911911912 -671.0676122494211     0.0
-9.0990990990991 -666.3191041861483     0.0
-9.07907907907908 -661.59319402525     0.0
-9.05905905905906 -656.8898275812438     0.0
-9.03903903903904 -652.2089506686484     0.0
-9.01901901901902 -647.5505091019816     0.0
-8.998998998999 -642.9144486957614     0.0
-8.97897897897898 -638.3007152645059     0.0
-8.95895895895896 -633.7092546227332     0.0
-8.93893893893894 -629.1400125849611     0.0
-8.91891891891892 -624.592934965708     0.0
-8.8988988988989 -620.0679675794919     0.0
-8.87887887887888 -615.5650562408306     0.0
-8.85885885885886 -611.0841467642424     0.0
-8.83883883883884 -606.6251849642454     0.0
-8.81881881881882 -602.1881166553574     0.0
-8.7987987987988 -597.7728876520966     0.0
-8.77877877877878 -593.3794437689812     0.0
-8.75875875875876 -589.0077308205291     0.0
-8.73873873873874 -584.6576946212584     0.0
-8.71871871871872 -580.329280985687     0.0
-8.6986986986987 -576.0224357283331     0.0
-8.67867867867868 -570.4266990618827     1.3104056018322605
-8.65865865865866 -567.4732336063502     0.0
-8.63863863863864 -563.2307683707572     0.0
-8.618618618618619 -559.0096547714537     0.0
-8.598598598598599 -554.8098386229582     0.0
-8.578578578578579 -550.6312657397883     0.0
-8.558558558558559 -546.4738819364626     0.0
-8.538538538538539 -542.3376330274988     0.0
-8.518518518518519 -538.2224648274148     0.0
-8.498498498498499 -534.1283231507289     0.0
-8.478478478478479 -530.0551538119589     0.0
-8.458458458458459 -526.3288533610586     -0.32595073543502434
-8.438438438438439 -521.97151540624     0.0
-8.418418418418419 -517.9609379683269     0.0
-8.398398398398399 -513.971116126402     0.0
-8.378378378378379 -510.00199569498363     0.0
-8.358358358358359 -506.0535224885897     0.0
-8.338338338338339 -502.1256423217382     0.0
-8.318318318318319 -498.2183010089473     0.0
-8.298298298298299 -494.331444364735     0.0
-8.278278278278279 -492.7424384779084     -2.2774202742891356
-8.258258258258259 -485.75110296725325     0.8678653728653258
-8.238238238238239 -482.7932405887505     0.0
-8.218218218218219 -478.9877807640332     0.0
-8.198198198198199 -475.20253468048486     0.0
-8.178178178178179 -471.4374481526234     0.0
-8.158158158158159 -467.692466994967     0.0
-8.138138138138139 -463.96753702203364     0.0
-8.118118118118119 -460.2626040483415     0.0
-8.098098098098099 -456.57761388840834     0.0
-8.078078078078079 -452.9125123567527     0.0
-8.058058058058059 -449.2672452678921     0.0
-8.038038038038039 -445.64175843634496     0.0
-8.018018018018019 -442.03599767662934     0.0
-7.997997997997998 -438.4499088032628     0.0
-7.977977977977978 -434.883437630764     0.0
-7.957957957957958 -431.3365299736509     0.0
-7.937937937937938 -427.80913164644136     0.0
-7.917917917917918 -424.3011884636534     0.0
-7.897897897897898 -420.81264623980525     0.0
-7.877877877877878 -417.3434507894149     0.0
-7.857857857857858 -413.8935479270005     0.0
-7.837837837837838 -410.46288346707985     0.0
-7.817817817817818 -407.459867406294     -0.40846418212265956
-7.797797797797798 -403.65905301279275     0.0
-7.777777777777778 -400.2857786474622     0.0
-7.757757757757758 -396.9315259426979     0.0
-7.737737737737738 -394.66107542524725     -1.06483471222946
-7.717717717717718 -390.2798687729398     0.0
-7.697697697697698 -387.14837762521915     -0.16602168823699764
-7.677677677677678 -383.703648019663     0.0
-7.657657657657658 -380.4436908355002     0.0
-7.637637637637638 -377.2024301990118     0.0
-7.617617617617618 -373.9798119247161     0.0
-7.597597597597598 -370.77578182713086     0.0
-7.5775775775775776 -367.59028572077426     0.0
-7.5575575575575575 -364.4232694201644     0.0
-7.5375375375375375 -361.27467873981936     0.0
-7.5175175175175175 -358.14445949425703     0.0
-7.4974974974974975 -355.0325574979956     0.0
-7.4774774774774775 -351.938918565553     0.0
-7.4574574574574575 -348.86348851144766     0.0
-7.4374374374374375 -345.80621315019715     0.0
-7.4174174174174174 -342.76703829631975     0.0
-7.397397397397397 -342.6353873264201     -2.8894775620864728
-7.377377377377377 -336.74277336875656     0.0
-7.357357357357357 -333.75757492410685     0.0
-7.337337337337337 -330.7902602449024     0.0
-7.317317317317317 -327.84077514566144     0.0
-7.297297297297297 -324.9090654409019     0.0
-7.277277277277277 -321.9950769451417     0.0
-7.257257257257257 -319.09875547289914     0.0
-7.237237237237237 -316.22004683869216     0.0
-7.217217217217217 -313.35889685703887     0.0
-7.197197197197197 -310.5152513424574     0.0
-7.177177177177177 -309.5499517933319     -1.8608956838663306
-7.157157157157157 -304.8802569725816     0.0
-7.137137137137137 -303.97842582976205     -1.889626083438562
-7.117117117117117 -299.31463024520946     0.0
-7.097097097097097 -296.5576942837573     0.0
-7.077077077077077 -293.8179376764852     0.0
-7.057057057057057 -291.09530623791125     0.0
-7.037037037037037 -288.38974578255346     0.0
-7.017017017017017 -285.7012021249299     0.0
-6.996996996996997 -283.02962107955864     0.0
-6.976976976976977 -280.3749484609577     0.0
-6.956956956956957 -277.7371300836452     0.0
-6.936936936936937 -275.1161117621391     0.0
-6.916916916916917 -272.5118393109575     0.0
-6.896896896896897 -269.9242585446185     0.0
-6.876876876876877 -267.3533152776401     0.0
-6.856856856856857 -264.7989553245403     0.0
-6.836836836836837 -262.37955560434233     -0.11843110450501235
-6.816816816816817 -259.73976861804914     0.0
-6.796796796796797 -257.23483349369377     0.0
-6.776776776776777 -254.74626494128938     0.0
-6.756756756756757 -252.2740087753539     0.0
-6.736736736736737 -249.81801081040544     0.0
-6.716716716716717 -247.37821686096208     0.0
-6.696696696696697 -244.95457274154177     0.0
-6.676676676676677 -242.54702426666267     0.0
-6.656656656656657 -240.15551725084285     0.0
-6.636636636636637 -237.7799975086003     0.0
-6.616616616616617 -235.4204108544532     0.0
-6.596596596596597 -233.07670310291928     0.0
-6.576576576576577 -230.74882006851706     0.0
-6.556556556556557 -228.43670756576427     0.0
-6.536536536536537 -226.1403114091791     0.0
-6.516516516516517 -221.31743341061525     2.5421440026642634
-6.496496496496497 -221.5944513925836     0.0
-6.476476476476477 -219.34487916160955     0.0
-6.456456456456457 -217.1108065348752     0.0
-6.436436436436437 -216.537064894747     -1.644885567848298
-6.416416416416417 -212.68894335219827     0.0
-6.396396396396397 -210.50104442529167     0.0
-6.376376376376377 -203.9951584649726     4.333269895724498
-6.356356356356357 -206.17104097293267     0.0
-6.336336336336337 -204.02882807651636     0.0
-6.316316316316317 -201.90173548596636     0.0
-6.296296296296297 -199.7897090158005     0.0
-6.276276276276277 -197.692694480537     0.0
-6.256256256256257 -195.61063769469382     0.0
-6.236236236236236 -193.543484472789     0.0
-6.216216216216216 -191.49118062934073     0.0
-6.196196196196196 -189.45367197886705     0.0
-6.176176176176176 -187.43090433588597     0.0
-6.156156156156156 -185.42282351491548     0.0
-6.136136136136136 -183.42937533047373     0.0
-6.116116116116116 -181.45050559707877     0.0
-6.096096096096096 -179.48616012924865     0.0
-6.076076076076076 -177.5362847415014     0.0
-6.056056056056056 -175.60082524835505     0.0
-6.036036036036036 -173.6797274643277     0.0
-6.016016016016016 -173.39567477471888     -1.6227375707814788
-5.995995995995996 -169.79646792133443     0.08393236036781579
-5.975975975975976 -168.00206251214013     0.0
-5.955955955955956 -166.1378697097693     0.0
-5.935935935935936 -164.2877676891078     0.0
-5.915915915915916 -162.45170226467357     0.0
-5.895895895895896 -160.62961925098477     0.0
-5.875875875875876 -158.8214644625594     0.0
-5.8558558558558556 -157.0271837139155     0.0
-5.8358358358358355 -155.24672281957115     0.0
-5.8158158158158155 -153.48002759404446     0.0
-5.7957957957957955 -151.72704385185338     0.0
-5.7757757757757755 -152.2216011185193     -2.2338837110032186
-5.7557557557557555 -148.2619940755505     0.0
-5.7357357357357355 -146.54981967047482     0.0
-5.7157157157157155 -144.85114000680704     0.0
-5.6956956956956954 -148.16211460174102     -4.996213702675914
-5.675675675675675 -141.4940481617673     0.0
-5.655655655655655 -139.8355276094315     0.0
-5.635635635635635 -138.19028505657585     0.0
-5.615615615615615 -136.55826631771833     0.0
-5.595595595595595 -134.93941720737706     0.0
-5.575575575575575 -133.33368354007013     0.0
-5.555555555555555 -131.74101113031548     0.0
-5.535535535535535 -130.16134579263124     0.0
-5.515515515515515 -130.55538421918652     -1.9607508776510274
-5.495495495495495 -127.04081959154624     0.0
-5.475475475475475 -125.49985035718154     0.0
-5.455455455455455 -123.97167145295951     0.0
-5.435435435435435 -122.45622869339815     0.0
-5.415415415415415 -120.9534678930155     0.0
-5.395395395395395 -119.46333486632969     0.0
-5.375375375375375 -117.9857754278587     0.0
-5.355355355355355 -117.48945750076903     -0.9687221086483937
-5.335335335335335 -114.58247637312917     0.4856842005043737
-5.315315315315315 -113.62799678691547     0.0
-5.295295295295295 -112.20018984648446     0.0
-5.275275275275275 -110.78468556685863     0.0
-5.255255255255255 -109.38142976255594     0.0
-5.235235235235235 -107.99036824809451     0.0
-5.215215215215215 -106.61144683799239     0.0
-5.195195195195195 -105.24461134676763     0.0
-5.175175175175175 -103.88980758893831     0.0
-5.155155155155155 -102.54698137902244     0.0
-5.135135135135135 -101.21607853153807     0.0
-5.115115115115115 -99.89704486100335     0.0
-5.095095095095095 -98.58982618193625     0.0
-5.075075075075075 -97.29436830885486     0.0
-5.055055055055055 -96.01061705627721     0.0
-5.035035035035035 -94.73851823872137     0.0
-5.015015015015015 -93.47801767070543     0.0
-4.994994994994995 -92.22906116674736     0.0
-4.974974974974975 -91.44167286607775     -0.45007832471243386
-4.954954954954955 -89.7655636090773     0.0
-4.934934934934935 -88.55091418440138     0.0
-4.914914914914915 -87.3475920818556     0.0
-4.894894894894895 -86.15554311595804     0.0
-4.874874874874875 -87.28497894011691     -2.310265838890168
-4.854854854854855 -83.80504785217975     0.0
-4.834834834834835 -79.7944226789349     2.852070504400277
-4.814814814814815 -81.49899490921099     0.0
-4.794794794794795 -81.117355236022     -0.7548563916966764
-4.774774774774775 -79.23695080319617     0.0
-4.754754754754755 -78.12229660034166     0.0
-4.734734734734735 -77.01848205027979     0.0
-4.714714714714715 -75.92545296752863     0.0
-4.694694694694695 -74.84315516660625     0.0
-4.674674674674675 -73.77153446203067     0.0
-4.654654654654655 -72.71053666832002     0.0
-4.634634634634635 -71.6601075999923     0.0
-4.614614614614615 -70.62019307156557     0.0
-4.594594594594595 -74.85399101923139     -5.2632521216734975
-4.574574574574575 -71.02296922385028     -2.451278331362962
-4.554554554554555 -67.56299487087193     0.0
-4.534534534534535 -66.56459664722976     0.0
-4.514514514514515 -65.57644203607887     0.0
-4.494494494494495 -64.5984768519373     0.0
-4.474474474474475 -63.63064690932315     0.0
-4.454454454454455 -64.98940326310473     -2.3165052403502826
-4.434434434434435 -61.5967797889583     0.12839621779091975
-4.414414414414415 -60.787426675825564     0.0
-4.394394394394395 -59.85959584450154     0.0
-4.374374374374375 -56.4354852627704     2.506144064524803
-4.354354354354355 -58.03347293872458     0.0
-4.334334334334335 -57.135072493307725     0.0
-4.314314314314315 -56.24637380556274     0.0
-4.2942942942942945 -55.36732269000767     0.0
-4.2742742742742745 -54.497864961160516     0.0
-4.2542542542542545 -53.63794643353941     0.0
-4.2342342342342345 -52.787512921662355     0.0
-4.2142142142142145 -51.946510240047445     0.0
-4.1941941941941945 -51.114884203212696     0.0
-4.1741741741741745 -50.2925806256762     0.0
-4.1541541541541545 -49.47954532195598     0.0
-4.134134134134134 -48.675724106570144     0.0
-4.114114114114114 -47.88106279403669     0.0
-4.094094094094094 -47.09550719887371     0.0
-4.074074074074074 -46.319003135599274     0.0
-4.054054054054054 -45.55149641873139     0.0
-4.034034034034034 -44.792932862788135     0.0
-4.014014014014014 -44.043258282287574     0.0
-3.993993993993994 -43.30241849174775     0.0
-3.973973973973974 -42.57035930568675     0.0
-3.953953953953954 -41.520702136559805     0.32632440206280927
-3.933933933933934 -41.13236600507338     0.0
-3.913913913913914 -40.42632351955712     0.0
-3.893893893893894 -39.72884489659191     0.0
-3.873873873873874 -39.039875950695766     0.0
-3.853853853853854 -38.35936249638677     0.0
-3.833833833833834 -37.68725034818296     0.0
-3.813813813813814 -37.02348532060242     0.0
-3.793793793793794 -36.3680132281632     0.0
-3.7737737737737738 -35.86069605643839     -0.13991617105506154
-3.7537537537537538 -35.08173110678088     0.0
-3.7337337337337337 -34.45081270687392     0.0
-3.7137137137137137 -33.82797050018051     0.0
-3.6936936936936937 -33.21315030121868     0.0
-3.6736736736736737 -32.60629792450649     0.0
-3.6536536536536537 -32.00735918456202     0.0
-3.6336336336336337 -31.416279895903315     0.0
-3.6136136136136137 -30.833005873048428     0.0
-3.5935935935935936 -30.25748293051541     0.0
-3.5735735735735736 -29.68965688282232     0.0
-3.5535535535535536 -29.129473544487237     0.0
-3.5335335335335336 -28.57687873002819     0.0
-3.5135135135135136 -28.031818253963245     0.0
-3.4934934934934936 -27.49423793081045     0.0
-3.4734734734734736 -26.964083575087876     0.0
-3.4534534534534536 -26.441301001313576     0.0
-3.4334334334334335 -25.92583602400559     0.0
-3.4134134134134135 -25.417634457682     0.0
-3.3933933933933935 -24.916642116860846     0.0
-3.3733733733733735 -24.422804816060193     0.0
-3.3533533533533535 -23.936068369798086     0.0
-3.3333333333333335 -23.4563785925926     0.0
-3.3133133133133135 -22.983681298961763     0.0
-3.2932932932932935 -22.51792230342366     0.0
-3.2732732732732734 -22.05904742049633     0.0
-3.2532532532532534 -21.607002464697835     0.0
-3.2332332332332334 -21.292975125087594     -0.13124187454135566
-3.2132132132132134 -20.72318559255958     0.0
-3.1931931931931934 -20.291305305255936     0.0
-3.1731731731731734 -19.86603820315335     0.0
-3.1531531531531534 -19.447330100769875     0.0
-3.1331331331331334 -19.035126812623574     0.0
-3.113113113113113 -18.629374153232497     0.0
-3.093093093093093 -18.230017937114717     0.0
-3.073073073073073 -17.83700397878828     0.0
-3.053053053053053 -17.45027809277124     0.0
-3.033033033033033 -17.069786093581662     0.0
-3.013013013013013 -16.695473795737588     0.0
-2.992992992992993 -16.327287013757086     0.0
-2.972972972972973 -15.96517156215821     0.0
-2.952952952952953 -15.609073255459018     0.0
-2.932932932932933 -15.25893790817756     0.0
-2.9129129129129128 -14.914711334831892     0.0
-2.8928928928928928 -14.576339349940083     0.0
-2.8728728728728727 -13.13370319041618     1.1100645776039983
-2.8528528528528527 -13.916942403590236     0.0
-2.8328328328328327 -13.595809071168311     0.0
-2.8128128128128127 -13.280313585272468     0.0
-2.7927927927927927 -12.970401760420756     0.0
-2.7727727727727727 -12.666019411131233     0.0
-2.7527527527527527 -12.367112351921953     0.0
-2.7327327327327327 -12.073626397310983     0.0
-2.7127127127127126 -11.785507361816364     0.0
-2.6926926926926926 -11.502701059956161     0.0
-2.6726726726726726 -11.225153306248433     0.0
-2.6526526526526526 -10.952809915211231     0.0
-2.6326326326326326 -10.929743780395237     -0.24412707903262187
-2.6126126126126126 -10.423519479220635     0.0
-2.5925925925925926 -10.166464063303359     0.0
-2.5725725725725725 -9.914396268128835     0.0
-2.5525525525525525 -9.667261908215117     0.0
-2.5325325325325325 -9.42500679808027     0.0
-2.5125125125125125 -9.187576752242341     0.0
-2.4924924924924925 -9.475583403348903     -0.520665818129511
-2.4724724724724725 -8.726975111529482     0.0
-2.4524524524524525 -8.503695145690662     0.0
-2.4324324324324325 -8.285023502220993     0.0
-2.4124124124124124 -8.070905995638531     0.0
-2.3923923923923924 -7.861288440461324     0.0
-2.3723723723723724 -7.656116651207439     0.0
-2.3523523523523524 -7.455336442394929     0.0
-2.3323323323323324 -8.45581441659788     -1.1969207880560317
-2.3123123123123124 -7.066734024166253     0.0
-2.2922922922922924 -6.878803443786204     0.0
-2.2722722722722724 -6.695047701919757     0.0
-2.2522522522522523 -6.515412613084962     0.0
-2.2322322322322323 -6.3398439917998815     0.0
-2.2122122122122123 -6.1682876525825705     0.0
-2.1921921921921923 -6.0006894099510895     0.0
-2.1721721721721723 -5.8369950784234845     0.0
-2.1521521521521523 -5.6771504725178215     0.0
-2.1321321321321323 -5.521101406752152     0.0
-2.1121121121121122 -5.368793695644534     0.0
-2.0920920920920922 -5.220173153713025     0.0
-2.0720720720720722 -5.075185595475681     0.0
-2.052052052052052 -4.9337768354505585     0.0
-2.032032032032032 -4.7958926881557105     0.0
-2.012012012012012 -4.661478968109199     0.0
-1.991991991991992 -4.530481489829073     0.0
-1.971971971971972 -4.402846067833396     0.0
-1.951951951951952 -4.278518516640222     0.0
-1.931931931931932 -4.157444650767609     0.0
-1.911911911911912 -4.03957028473361     0.0
-1.8918918918918919 -1.2800264497576173     2.6448147832986684
-1.8718718718718719 -3.813203310253687     0.0
-1.8518518518518519 -3.704602330843876     0.0
-1.8318318318318318 -3.9507084575076252     -0.35172434816272047
-1.8118118118118118 -3.4962944602748327     0.0
-1.7917917917917918 -3.3964791981517144     0.0
-1.7717717717717718 -3.299484137493607     0.0
-1.7517517517517518 -3.205255092818566     0.0
-1.7317317317317318 -3.1137378786446503     0.0
-1.7117117117117118 -3.0248783094899143     0.0
-1.6916916916916918 -2.9386221998724147     0.0
-1.6716716716716717 -2.8549153643102083     0.0
-1.6516516516516517 -2.7737036173213503     0.0
-1.6316316316316317 -2.6949327734238993     0.0
-1.6116116116116117 -2.6185486471359094     0.0
-1.5915915915915917 -2.5444970529754385     0.0
-1.5715715715715717 -2.4727238054605434     0.0
-1.5515515515515514 -2.403174719109279     0.0
-1.5315315315315314 -2.3357956084397036     0.0
-1.5115115115115114 -2.2705322879698717     0.0
-1.4914914914914914 -2.207330572217841     0.0
-1.4714714714714714 -2.146136275701667     0.0
-1.4514514514514514 -2.086895212939408     0.0
-1.4314314314314314 -2.029553198449119     0.0
-1.4114114114114114 -1.9740560467488564     0.0
-1.3913913913913913 -1.9203495723566761     0.0
-1.3713713713713713 -1.868379589790636     0.0
-1.3513513513513513 -1.8180919135687916     0.0
-1.3313313313313313 -1.7694323582091989     0.0
-1.3113113113113113 -1.7223467382299154     0.0
-1.2912912912912913 -1.6767808681489975     0.0
-1.2712712712712713 -1.6326805624845004     0.0
-1.2512512512512513 -1.5899916357544819     0.0
-1.2312312312312312 1.9867480469720582     3.5354079494490556
-1.2112112112112112 -1.5086311771701042     0.0
-1.1911911911911912 -1.4698512743518575     0.0
-1.1711711711711712 -1.4322660085403158     0.0
-1.1511511511511512 -1.3958211942535332     0.0
-1.1311311311311312 -1.3604626460095677     0.0
-1.1111111111111112 -1.3261361783264742     0.0
-1.0910910910910911 -1.2362440031338815     0.05654360258843003
-1.0710710710710711 -1.2603627427151338     0.0
-1.0510510510510511 -1.228807403822999     0.0
-1.031031031031031 -1.1980674035639627     0.0
-1.011011011011011 -1.1680885564560817     0.0
-0.990990990990991 -1.1388166770174117     0.0
-0.970970970970971 -2.1577127666901976     -1.0475151869241877
-0.950950950950951 -1.6624675304818433     -0.5802904512619098
-0.9309309309309309 -1.054700989897237     0.0
-0.9109109109109109 -1.027715126315978     0.0
-0.8908908908908909 -1.001165302994213     0.0
-0.8708708708708709 -0.974997334449998     0.0
-0.8508508508508509 -0.9491570352013898     0.0
-0.8308308308308309 -0.9235902197664445     0.0
-0.8108108108108109 -0.8982427026632187     0.0
-0.7907907907907908 -3.096324110566609     -2.2232638121568407
-0.7707707707707707 -0.8479888215241509     0.0
-0.7507507507507507 -0.8229740865244213     0.0
-0.7307307307307307 -0.797961907928638     0.0
-0.7107107107107107 -0.7728981002548556     0.0
-0.6906906906906907 -0.7477284780211315     0.0
-0.6706706706706707 -0.7223988557455219     0.0
-0.6506506506506506 -0.6968550479460833     0.0
-0.6306306306306306 -0.6710428691408721     0.0
-0.6106106106106106 -0.6449081338479443     0.0
-0.5905905905905906 -0.6183966565853569     0.0
-0.5705705705705706 -0.5914542518711663     0.0
-0.5505505505505506 -0.5640267342234284     0.0
-0.5305305305305306 -0.5360599181601999     0.0
-0.5105105105105106 -0.5074996181995377     0.0
-0.4904904904904905 -0.4782916488594975     0.0
-0.47047047047047047 -0.44838182465813614     0.0
-0.45045045045045046 -0.4177159601135101     0.0
-0.43043043043043044 0.603222925040002     0.9894627947836777
-0.41041041041041043 -2.2547964540136953     -1.900897085947006
-0.39039039039039036 -0.3206402696006073     0.0
-0.37037037037037035 -0.2864083888634861     0.0
-0.35035035035035034 -0.25114954037338244     0.0
-0.3303303303303303 -0.21480953864835262     0.0
-0.3103103103103103 -0.1773341982064529     0.0
-0.2902902902902903 -0.13866933356573985     0.0
-0.2702702702702703 -0.09876075924426975     0.0
-0.2502502502502503 -0.05755428976009935     0.0
-0.23023023023023023 -0.014995739631284644     0.0
-0.21021021021021022 0.028969076624117518     0.0
-0.19019019019019018 0.07439434448805105     0.0
-0.17017017017017017 0.12133424944245941     0.0
-0.15015015015015015 0.16984297696928596     0.0
-0.13013013013013014 0.21997471255047452     0.0
-0.11011011011011011 0.2717836416679686     0.0
-0.09009009009009009 0.32532394980371176     0.0
-0.07007007007007007 0.3806498224396475     0.0
-0.05005005005005005 0.4378154450577195     0.0
-0.03003003003003003 0.49687500313987126     0.0
-0.01001001001001001 0.5578826821680464     0.0
0.01001001001001001 0.6208926676241884     0.0
0.03003003003003003 0.6859591449902409     0.0
0.05005005005005005 0.7531362997481476     0.0
0.07007007007007007 0.8224783173798518     0.0
0.09009009009009009 0.6960863279467457     -0.19795305542055147
0.11011011011011011 0.9678736831924275     0.0
0.13013013013013014 1.044035402337186     0.0
0.15015015015015015 1.1225787262835165     0.0
0.17017017017017017 1.9647324899368637     0.7611746494235011
0.19019019019019018 1.2870269305086675     0.0
0.21021021021021022 3.614945960278936     2.241905778527561
0.23023023023023023 1.461651779723429     0.0
0.2502502502502503 -0.5130802724472598     -2.0659961823540325
0.2702702702702703 1.6468867577833495     0.0
0.2902902902902903 1.7436185088351035     0.0
0.3103103103103103 1.8431653485439776     0.0
0.3303303303303303 1.9455814623919159     0.0
0.35035035035035034 2.050921035860862     0.0
0.37037037037037035 2.159238254432759     0.0
0.39039039039039036 2.270587303589551     0.0
0.41041041041041043 2.385022368813182     0.0
0.43043043043043044 -1.0532933681743764     -3.55589100375997
0.45045045045045046 2.623367289388731     0.0
0.47047047047047047 2.7473855157045377     0.0
0.4904904904904905 2.874706500014957     0.0
0.5105105105105106 3.0053844278019333     0.0
0.5305305305305306 4.876290953360543     1.7368174688131353
0.5505505505505506 3.2770278557333268     0.0
0.5705705705705706 3.4181017268416323     0.0
0.5905905905905906 3.5627492833542678     0.0
0.6106106106106106 3.7110247107531777     0.0
0.6306306306306306 3.8629821945203053     0.0
0.6506506506506506 4.018675920137595     0.0
0.6706706706706707 4.178160073086987     0.0
0.6906906906906907 4.341488838850429     0.0
0.7107107107107107 4.5087164029098625     0.0
0.7307307307307307 4.679896950747231     0.0
0.7507507507507507 4.85508466784448     0.0
0.7707707707707707 5.03433373968355     0.0
0.7907907907907908 5.217698351746389     0.0
0.8108108108108109 5.405232689514936     0.0
0.8308308308308309 5.596990938471135     0.0
0.8508508508508509 5.793027284096931     0.0
0.8708708708708709 5.99339591187427     0.0
0.8908908908908909 6.198151007285091     0.0
0.9109109109109109 6.407346755811339     0.0
0.9309309309309309 6.62103734293496     0.0
0.950950950950951 6.839276954137894     0.0
0.970970970970971 7.0621197749020865     0.0
0.990990990990991 7.2896199907094825     0.0
1.011011011011011 7.521831787042023     0.0
1.031031031031031 7.758809349381652     0.0
1.0510510510510511 8.000606863210313     0.0
1.0710710710710711 8.247278514009952     0.0
1.0910910910910911 8.498878487262509     0.0
1.1111111111111112 8.755460968449931     0.0
1.1311311311311312 9.01708014305416     0.0
1.1511511511511512 9.283790196557138     0.0
1.1711711711711712 9.555645314440811     0.0
1.1911911911911912 10.549359828136504     0.7166601459493837
1.2112112112112112 10.115007485278012     0.0
1.2312312312312312 10.402622909195427     0.0
1.2512512512512513 10.69560013942131     0.0
1.2712712712712713 10.993993361437608     0.0
1.2912912912912913 11.297856760726257     0.0
1.3113113113113113 11.607244522769209     0.0
1.3313313313313313 11.922210833048402     0.0
1.3513513513513513 12.242809877045781     0.0
1.3713713713713713 12.569095840243287     0.0
1.3913913913913913 12.90112290812287     0.0
1.4114114114114114 13.23894526616647     0.0
1.4314314314314314 13.582617099856028     0.0
1.4514514514514514 13.932192594673493     0.0
1.4714714714714714 14.287725936100804     0.0
1.4914914914914914 14.649271309619904     0.0
1.5115115115115114 15.016882900712744     0.0
1.5315315315315314 15.390614894861256     0.0
1.5515515515515514 15.770521477547394     0.0
1.5715715715715717 16.156656834253102     0.0
1.5915915915915917 16.54907515046031     0.0
1.6116116116116117 16.94783061165098     0.0
1.6316316316316317 17.352977403307037     0.0
1.6516516516516517 17.764569710910436     0.0
1.6716716716716717 18.18266171994312     0.0
1.6916916916916918 18.60730761588703     0.0
1.7117117117117118 19.34895849670198     0.3103969124778698
1.7317317317317318 19.953698106535327     0.47722029609902367
1.7517517517517518 19.921110480005556     0.0
1.7717717717717718 20.372513778413808     0.0
1.7917917917917918 20.830741891143006     0.0
1.8118118118118118 21.29584900367509     0.0
1.8318318318318318 21.76788930149201     0.0
1.8518518518518519 22.2469169700757     0.0
1.8718718718718719 22.732986194908115     0.0
1.8918918918918919 23.226151161471186     0.0
1.911911911911912 23.726466055246867     0.0
1.931931931931932 24.2339850617171     0.0
1.951951951951952 24.74876236636382     0.0
1.971971971971972 25.27085215466898     0.0
1.991991991991992 25.800308612114524     0.0
2.012012012012012 26.337185924182393     0.0
2.032032032032032 26.881538276354526     0.0
2.052052052052052 27.43341985411287     0.0
2.0720720720720722 27.992884842939365     0.0
2.0920920920920922 28.559987428315956     0.0
2.1121121121121122 29.1347817957246     0.0
2.1321321321321323 29.71732213064722     0.0
2.1521521521521523 30.30766261856577     0.0
2.1721721721721723 30.905857444962194     0.0
2.1921921921921923 31.511960795318437     0.0
2.2122122122122123 31.032806887723865     -1.093219967392578
2.2322322322322323 32.74810980983814     0.0
2.2522522522522523 33.378263844965495     0.0
2.2722722722722724 34.016543145980435     0.0
2.2922922922922924 35.266689349032994     0.603687450668086
2.3123123123123124 35.31769428760086     0.0
2.3323323323323324 35.980674499170235     0.0
2.3523523523523524 36.651996718554976     0.0
2.3723723723723724 37.33171513123702     0.0
2.3923923923923924 38.01988392269832     0.0
2.4124124124124124 38.716557278420815     0.0
2.4324324324324325 39.42178938388644     0.0
2.4524524524524525 40.135634424577155     0.0
2.4724724724724725 40.8581465859749     0.0
2.4924924924924925 41.589380053561605     0.0
2.5125125125125125 42.329389012819234     0.0
2.5325325325325325 43.07822764922972     0.0
2.5525525525525525 45.86217692079362     2.0262267725186267
2.5725725725725725 44.60261069543702     0.0
2.5925925925925926 45.37826347619773     0.0
2.6126126126126126 46.16296267603908     0.0
2.6326326326326326 46.956762480443004     0.0
2.6526526526526526 47.75971707489143     0.0
2.6726726726726726 48.571880644866326     0.0
2.6926926926926926 49.39330737584963     0.0
2.7127127127127126 50.224051453323284     0.0
2.7327327327327327 51.06416706276923     0.0
2.7527527527527527 51.91370838966941     0.0
2.7727727727727727 52.77272961950577     0.0
2.7927927927927927 53.641284937760254     0.0
2.8128128128128127 54.519428529914805     0.0
2.8328328328328327 57.080286486996755     1.6730719055453944
2.8528528528528527 56.30469727785188     0.0
2.8728728728728727 57.211930804598296     0.0
2.8928928928928928 58.12896934717254     0.0
2.9129129129129128 59.055867091056584     0.0
2.932932932932933 59.99267822173235     0.0
2.952952952952953 60.93945692468179     0.0
2.972972972972973 61.89625738538683     0.0
2.992992992992993 62.863133789329446     0.0
3.013013013013013 63.84014032199157     0.0
3.033033033033033 64.82733116885512     0.0
3.053053053053053 65.82476051540208     0.0
3.073073073073073 66.83248254711435     0.0
3.093093093093093 67.85055144947393     0.0
3.113113113113113 68.8790214079627     0.0
3.1331331331331334 69.91794660806265     0.0
3.1531531531531534 70.96738123525573     0.0
3.1731731731731734 72.46590573472466     0.4385262597008389
3.1931931931931934 73.09799551284891     0.0
3.2132132132132134 74.17928353421296     0.0
3.2332332332332334 75.27129772459787     0.0
3.2532532532532534 76.37409226948562     0.0
3.2732732732732734 75.58718425508462     -1.9005370992735127
3.2932932932932935 78.61223916469734     0.0
3.3133133133133135 79.74769988598523     0.0
3.3333333333333335 80.89415770370371     0.0
3.3533533533533535 82.05166680333474     0.0
3.3733733733733735 83.22028137036024     0.0
3.3933933933933935 82.2448819935276     -2.155173596734565
3.4134134134134135 85.5910436485225     0.0
3.4334334334334335 86.79329973062312     0.0
3.4534534534534536 88.00687802204602     0.0
3.4734734734734736 89.23183270827312     0.0
3.4934934934934936 90.46821797478637     0.0
3.5135135135135136 91.7160880070677     0.0
3.5335335335335336 92.97549699059907     0.0
3.5535535535535536 94.24649911086242     0.0
3.5735735735735736 95.5291485533397     0.0
3.5935935935935936 96.82349950351282     0.0
3.6136136136136137 98.12960614686378     0.0
3.6336336336336337 99.4475226688745     0.0
3.6536536536536537 100.77730325502688     0.0
3.6736736736736737 102.11900209080292     0.0
3.6936936936936937 103.47267336168454     0.0
3.7137137137137137 104.8383712531537     0.0
3.7337337337337337 106.21614995069233     0.0
3.7537537537537538 107.60606363978235     0.0
3.7737737737737738 109.00816650590576     0.0
3.793793793793794 110.42251273454445     0.0
3.813813813813814 111.84915651118038     0.0
3.833833833833834 113.28815202129552     0.0
3.853853853853854 114.73955345037179     0.0
3.873873873873874 116.20341498389111     0.0
3.893893893893894 117.67979080733548     0.0
3.913913913913914 119.1687351061868     0.0
3.933933933933934 120.67030206592702     0.0
3.953953953953954 122.1845458720381     0.0
3.973973973973974 123.71152071000195     0.0
3.993993993993994 125.25128076530059     0.0
4.014014014014014 126.80388022341589     0.0
4.034034034034034 128.36937326982982     0.0
4.054054054054054 129.9478140900243     0.0
4.074074074074074 131.53925686948133     0.0
4.094094094094094 133.14375579368274     0.0
4.114114114114114 134.76136504811058     0.0
4.134134134134134 136.99278776366074     0.6006489454139389
4.1541541541541545 138.03613128957326     0.0
4.1741741741741745 139.693396647572     0.0
4.1941941941941945 141.36398907772485     0.0
4.2142142142142145 143.04796276551386     0.0
4.2342342342342345 144.74537189642092     0.0
4.2542542542542545 146.45627065592797     0.0
4.2742742742742745 148.18071322951698     0.0
4.2942942942942945 149.33120298992412     -0.5875508127457739
4.314314314314315 151.6704465608686     0.0
4.334334334334335 153.4358456895951     0.0
4.354354354354355 155.21500537433135     0.0
4.374374374374375 157.00797980055924     0.0
4.394394394394395 158.81482315376076     0.0
4.414414414414415 153.35382815368231     -7.281761465735508
4.434434434434435 162.92304781241668     0.452714429404286
4.454454454454455 164.3191086300264     0.0
4.474474474474475 166.18196954594174     0.0
4.494494494494495 168.05897031624048     0.0
4.514514514514515 170.43251883000866     0.4823537036042307
4.534534534534535 171.85560816191563     0.0
4.554554554554555 173.77535360825595     0.0
4.574574574574575 176.51272283381124     0.803267182903832
4.594594594594595 177.65796847535188     0.0
4.614614614614615 179.6209462670714     0.0
4.634634634634635 181.59844321154782     0.0
4.654654654654655 183.59051349426306     0.0
4.674674674674675 185.59721130069917     0.0
4.694694694694695 187.61859081633807     0.0
4.714714714714715 189.65470622666166     0.0
4.734734734734735 191.70561171715187     0.0
4.754754754754755 193.77136147329068     0.0
4.774774774774775 195.85200968056003     0.0
4.794794794794795 197.94761052444187     0.0
4.814814814814815 200.05821819041813     0.0
4.834834834834835 202.18388686397074     0.0
4.854854854854855 204.32467073058166     0.0
4.874874874874875 206.48062397573287     0.0
4.894894894894895 208.65180078490624     0.0
4.914914914914915 210.8382553435838     0.0
4.934934934934935 213.04004183724743     0.0
4.954954954954955 215.25721445137904     0.0
4.974974974974975 217.48982737146065     0.0
4.994994994994995 219.73793478297418     0.0
5.015015015015015 222.00159087140162     0.0
5.035035035035035 224.2808498222248     0.0
5.055055055055055 226.5757658209257     0.0
5.075075075075075 231.26307702584938     2.3766839728630176
5.095095095095095 231.21278570388858     0.0
5.115115115115115 233.55499795911447     0.0
5.135135135135135 238.0580856518357     2.1450016476898957
5.155155155155155 238.28709802446468     0.0
5.175175175175175 240.67709420555292     0.0
5.195195195195195 243.08312673289245     0.0
5.215215215215215 245.50524979196538     0.0
5.235235235235235 247.94351756825353     0.0
5.255255255255255 250.3979842472388     0.0
5.275275275275275 252.86870401440325     0.0
5.295295295295295 255.35573105522872     0.0
5.315315315315315 257.85911955519725     0.0
5.335335335335335 260.37892369979073     0.0
5.355355355355355 262.9151976744911     0.0
5.375375375375375 265.4679956647803     0.0
5.395395395395395 268.0373718561403     0.0
5.415415415415415 270.62338043405305     0.0
5.435435435435435 273.22607558400045     0.0
5.455455455455455 275.8455114914645     0.0
5.475475475475475 278.48174234192703     0.0
5.495495495495495 281.13482232087017     0.0
5.515515515515515 283.80480561377567     0.0
5.535535535535535 286.49174640612557     0.0
5.555555555555555 289.19569888340186     0.0
5.575575575575575 291.9167172310864     0.0
5.595595595595595 294.65485563466115     0.0
5.615615615615615 297.4101682796082     0.0
5.635635635635635 300.1827093514092     0.0
5.655655655655655 302.9725330355463     0.0
5.675675675675675 305.5817219803627     -0.19797153713872503
5.6956956956956954 308.1755460014561     -0.42869898130035183
5.7157157157157155 311.4462416167934     0.0
5.7357357357357355 314.30573760509407     0.0
5.7557557557557555 317.1827871331406     0.0
5.7757757757757755 320.0774443864148     0.0
5.7957957957957955 322.9897635503987     0.0
5.8158158158158155 325.91979881057426     0.0
5.8358358358358355 328.74786220575004     -0.11974214667326663
5.8558558558558556 331.83323436142786     0.0
5.875875875875876 334.8167430230698     0.0
5.895895895895896 337.8181845228312     0.0
5.915915915915916 342.5756657843202     1.7380527381263973
5.935935935935936 343.87508277863975     0.0
5.955955955955956 346.93064790565086     0.0
5.975975975975976 350.00436261270914     0.0
5.995995995995996 353.0962810852966     0.0
6.016016016016016 356.20645750889497     0.0
6.036036036036036 359.3349460689864     0.0
6.056056056056056 362.4818009510527     0.0
6.076076076076076 365.64707634057595     0.0
6.096096096096096 368.8308264230379     0.0
6.116116116116116 372.0331053839206     0.0
6.136136136136136 375.25396740870605     0.0
6.156156156156156 378.4934666828762     0.0
6.176176176176176 381.75165739191294     0.0
6.196196196196196 385.02859372129814     0.0
6.216216216216216 388.32432985651377     0.0
6.236236236236236 391.63891998304194     0.0
6.256256256256257 394.9724182863646     0.0
6.276276276276277 398.3248789519634     0.0
6.296296296296297 401.6963561653204     0.0
6.316316316316317 405.08690411191765     0.0
6.336336336336337 408.49657697723694     0.0
6.356356356356357 411.92542894676035     0.0
6.376376376376377 415.37351420596985     0.0
6.396396396396397 418.8408869403472     0.0
6.416416416416417 422.3276013353746     0.0
6.436436436436437 425.83371157653374     0.0
6.456456456456457 429.35927184930677     0.0
6.476476476476477 432.90433633917553     0.0
6.496496496496497 436.4689592316219     0.0
6.516516516516517 440.0531947121279     0.0
6.536536536536537 443.6570969661755     0.0
6.556556556556557 447.28072017924666     0.0
6.576576576576577 450.9241185368232     0.0
6.596596596596597 454.58734622438715     0.0
6.616616616616617 459.1706065947504     0.9001491673298577
6.636636636636637 461.9735063314051     0.0
6.656656656656657 465.6965471218229     0.0
6.676676676676677 469.439633984156     0.0
6.696696696696697 473.2028211038861     0.0
6.716716716716717 476.9861626664954     0.0
6.736736736736737 480.7897128574655     0.0
6.756756756756757 484.6135258622787     0.0
6.776776776776777 488.45765586641676     0.0
6.796796796796797 492.3221570553615     0.0
6.816816816816817 496.2070836145952     0.0
6.836836836836837 500.11248972959964     0.0
6.856856856856857 504.03842958585665     0.0
6.876876876876877 507.9849573688485     0.0
6.896896896896897 511.9521272640567     0.0
6.916916916916917 515.9399934569633     0.0
6.936936936936937 519.9486101330505     0.0
6.956956956956957 523.9780314778     0.0
6.976976976976977 528.0283116766939     0.0
6.996996996996997 532.0995049152141     0.0
7.017017017017017 536.1916653788425     0.0
7.037037037037037 540.3048472530609     0.0
7.057057057057057 544.4391047233515     0.0
7.077077077077077 548.5944919751963     0.0
7.097097097097097 552.771063194077     0.0
7.117117117117117 556.9688725654755     0.0
7.137137137137137 561.187974274874     0.0
7.157157157157157 565.4284225077544     0.0
7.177177177177177 569.6902714495985     0.0
7.197197197197197 573.9735752858883     0.0
7.217217217217217 578.2783882021057     0.0
7.237237237237237 582.6047643837327     0.0
7.257257257257257 586.9527580162513     0.0
7.277277277277277 591.6340657559184     0.31164247077502893
7.297297297297297 595.7138143758908     0.0
7.317317317317317 600.1269854739757     0.0
7.337337337337337 604.5619907648799     0.0
7.357357357357357 609.0188844340852     0.0
7.377377377377377 613.4977206670738     0.0
7.397397397397397 617.9985536493276     0.0
7.4174174174174174 622.5214375663285     0.0
7.4374374374374375 627.0664266035584     0.0
7.4574574574574575 631.6335749464993     0.0
7.4774774774774775 636.222936780633     0.0
7.4974974974974975 640.8345662914415     0.0
7.5175175175175175 645.468517664407     0.0
7.5375375375375375 650.1248450850112     0.0
7.5575575575575575 654.8036027387361     0.0
7.5775775775775776 659.5048448110635     0.0
7.597597597597598 664.2286254874758     0.0
7.617617617617618 668.9749989534545     0.0
7.637637637637638 673.7440193944816     0.0
7.657657657657658 678.5357409960392     0.0
7.677677677677678 683.3502179436089     0.0
7.697697697697698 688.187504422673     0.0
7.717717717717718 693.0476546187135     0.0
7.737737737737738 697.930722717212     0.0
7.757757757757758 702.8367629036508     0.0
7.777777777777778 707.7658293635114     0.0
7.797797797797798 712.7179762822764     0.0
7.817817817817818 717.6932578454272     0.0
7.837837837837838 723.2873664158105     0.5956381773647207
7.857857857857858 727.7134416468143     0.0
7.877877877877878 732.7584522560146     0.0
7.897897897897898 737.8268142515286     0.0
7.917917917917918 743.4802075289418     0.5616257101035769
7.937937937937938 748.0338091434256     0.0
7.957957957957958 753.1725504107726     0.0
7.977977977977978 758.3348598063609     0.0
7.997997997997998 763.5207915156727     0.0
8.018018018018019 768.7303997241903     0.0
8.038038038038039 774.5987071636642     0.6349685462693201
8.058058058058059 779.2208623807688     0.0
8.078078078078079 784.501825199794     0.0
8.098098098098099 789.806681259952     0.0
8.118118118118119 792.8060672557896     -2.32941749093609
8.138138138138139 802.7500020349461     2.2617121893500975
8.158158158158159 805.8651507420453     0.0
8.178178178178179 811.2661216215557     0.0
8.198198198198199 816.6912566696091     0.0
8.218218218218219 822.1406100716872     0.0
8.238238238238239 831.4433241612169     3.8290881479448675
8.258258258258259 833.1121886798456     0.0
8.278278278278279 838.6345222568898     0.0
8.298298298298299 844.1812909298867     0.0
8.318318318318319 849.7525488843181     0.0
8.338338338338339 856.3341993161758     0.9858490105099306
8.358358358358359 860.9687493794123     0.0
8.378378378378379 866.6138002910391     0.0
8.398398398398399 872.283557226028     0.0
8.418418418418419 877.9780743698615     0.0
8.438438438438439 883.6974059080209     0.0
8.458458458458459 889.4416060259888     0.0
8.478478478478479 895.2107289092464     0.0
8.498498498498499 901.0048287432762     0.0
8.518518518518519 906.82395971356     0.0
8.538538538538539 912.6681760055798     0.0
8.558558558558559 918.5375318048174     0.0
8.578578578578579 924.4320812967547     0.0
8.598598598598599 930.3518786668739     0.0
8.618618618618619 936.2969781006567     0.0
8.63863863863864 942.2674337835854     0.0
8.65865865865866 948.2632999011413     0.0
8.67867867867868 954.2846306388069     0.0
8.6986986986987 960.3314801820642     0.0
8.71871871871872 966.4039027163946     0.0
8.73873873873874 972.5019524272806     0.0
8.75875875875876 978.6256835002036     0.0
8.77877877877878 984.775150120646     0.0
8.7987987987988 990.9504064740897     0.0
8.81881881881882 997.1515067460166     0.0
8.83883883883884 1003.3785051219086     0.0
8.85885885885886 1009.6314557872472     0.0
8.87887887887888 1016.5534896524197     0.643076724904412
8.8988988988989 1022.2154307281941     0.0
8.91891891891892 1028.5465633747658     0.0
8.93893893893894 1034.903865052712     0.0
8.95895895895896 1041.2873899475153     0.0
8.97897897897898 1047.6971922446571     0.0
8.998998998999 1054.1333261296197     0.0
9.01901901901902 1060.5958457878846     0.0
9.03903903903904 1067.0848054049343     0.0
9.05905905905906 1073.60025916625     0.0
9.07907907907908 1080.1422612573149     0.0
9.0990990990991 1086.7108658636096     0.0
9.11911911911912 1093.3061271706167     0.0
9.13913913913914 1099.4987729579316     -0.4293264058863747
9.15915915915916 1106.5768366286954     0.0
9.17917917917918 1113.2523931507312     0.0
9.1991991991992 1119.9548231154067     0.0
9.21921921921922 1126.6841807082044     0.0
9.23923923923924 1133.440520114606     0.0
9.25925925925926 1140.2238955200937     0.0
9.27927927927928 1147.0343611101491     0.0
9.2992992992993 1153.8719710702542     0.0
9.31931931931932 1160.7367795858909     0.0
9.33933933933934 1166.582330411549     -1.0465104309926596
9.35935935935936 1174.5482090256876     0.0
9.37937937937938 1181.4949383208116     0.0
9.3993993993994 1188.4690829133947     0.0
9.41941941941942 1195.4706969889194     0.0
9.43943943943944 1202.4998347328674     0.0
9.45945945945946 1209.5565503307207     0.0
9.47947947947948 1216.6408979679613     0.0
9.4994994994995 1223.7529318300715     0.0
9.51951951951952 1230.8927061025327     0.0
9.53953953953954 1238.0602749708266     0.0
9.55955955955956 1242.9918377356398     -2.263854884796159
9.57957957957958 1252.479013236842     0.0
9.5995995995996 1259.7302910055273     0.0
9.61961961961962 1270.6352913928295     3.625711280856205
9.63963963963964 1274.3169347416622     0.0
9.65965965965966 1281.6524090800758     0.0
9.67967967967968 1290.4023813279612     1.386324015265078
9.6996996996997 1296.407933625005     0.0
9.71971971971972 1303.8280922024846     0.0
9.73973973973974 1311.2765872306165     0.0
9.75975975975976 1317.9253984550228     -0.8280744398604655
9.77977977977978 1326.2588033807663     0.0
9.7997997997998 1329.148200195016     -4.644432678731836
9.81981981981982 1341.3550155593093     0.0
9.83983983983984 1348.9460056229334     0.0
9.85985985985986 1356.5656572501016     0.0
9.87987987987988 1365.2467730704088     1.0327484441128014
9.8998998998999 1371.8911619369983     0.0
9.91991991991992 1379.597123367691     0.0
9.93993993993994 1387.3319631038555     0.0
9.95995995995996 1394.2178060164017     -0.8779293145722336
9.97997997997998 1402.8884942345283     0.0
10.0 1410.710294     0.0
