-0.5 19.133888641498306     0.0
-0.498998998998999 19.228333445030678     0.0
-0.497997997997998 21.049780849654006     1.726975647827088
-0.496996996996997 19.417303391344213     0.0
-0.495995995995996 19.511827492894003     0.0
-0.494994994994995 19.606376985644992     0.0
-0.493993993993994 19.70095134862593     0.0
-0.492992992992993 19.795550060728658     0.0
-0.491991991991992 19.890172600710684     0.0
-0.49099099099099097 19.984818447198386     0.0
-0.48998998998999 20.079487078689606     0.0
-0.488988988988989 19.566872413569744     -0.6073055599869374
-0.487987987987988 20.268890610049233     0.0
-0.486986986986987 20.363624466297203     0.0
-0.48598598598598597 20.458379020313462     0.0
-0.484984984984985 20.553153749996973     0.0
-0.48398398398398396 20.64794813313544     0.0
-0.482982982982983 20.74276164740829     0.0
-0.481981981981982 20.837593770389518     0.0
-0.48098098098098097 20.932443979550687     0.0
-0.47997997997998 21.027311752263554     0.0
-0.47897897897897895 21.122196565803254     0.0
-0.477977977977978 21.21709789735091     0.0
-0.476976976976977 21.31201522399664     0.0
-0.47597597597597596 21.406948022742522     0.0
-0.474974974974975 21.50189577050529     0.0
-0.47397397397397395 21.329785110064762     -0.2670728340545363
-0.47297297297297297 21.691834020339524     0.0
-0.471971971971972 21.786823475844237     0.0
-0.47097097097097096 21.881825787238014     0.0
-0.46996996996997 21.976840431054573     0.0
-0.46896896896896895 22.071866883759768     0.0
-0.46796796796796797 22.16690462175426     0.0
-0.466966966966967 22.261953121376663     0.0
-0.46596596596596596 22.357011858906187     0.0
-0.464964964964965 22.45208031056563     0.0
-0.46396396396396394 22.54715795252438     0.0
-0.46296296296296297 22.642244260901066     0.0
-0.461961961961962 22.737338711766576     0.0
-0.46096096096096095 22.832440781147028     0.0
-0.45995995995996 22.927549945026467     0.0
-0.45895895895895894 23.022665679349842     0.0
-0.45795795795795796 23.117787460026005     0.0
-0.456956956956957 23.212914762930346     0.0
-0.45595595595595595 22.67243623648518     -0.6356108274227984
-0.45495495495495497 23.40318383877636     0.0
-0.45395395395395394 22.128099281881966     -1.3702252814463725
-0.45295295295295296 23.593468713334968     0.0
-0.4519519519519519 23.688615764548523     0.0
-0.45095095095095095 23.78376519270516     0.0
-0.44994994994994997 23.878916473528072     0.0
-0.44894894894894893 23.974069082730146     0.0
-0.44794794794794796 24.069222496016977     0.0
-0.4469469469469469 24.164376189089705     0.0
-0.44594594594594594 24.25952963764802     0.0
-0.44494494494494496 24.354682317392825     0.0
-0.44394394394394393 24.44983370402941     0.0
-0.44294294294294295 24.544983273270063     0.0
-0.4419419419419419 24.64013050083714     0.0
-0.44094094094094094 24.73527486246586     0.0
-0.43993993993993996 28.501768044934256     3.6713522110269206
-0.4389389389389389 24.925552890931215     0.0
-0.43793793793793795 25.020685509328864     0.0
-0.4369369369369369 25.115813164916     0.0
-0.43593593593593594 25.210935333535705     0.0
-0.43493493493493496 25.306051491061286     0.0
-0.4339339339339339 25.401161113399255     0.0
-0.43293293293293295 25.496263676492     0.0
-0.4319319319319319 25.59135865632095     0.0
-0.43093093093093093 25.6864455289092     0.0
-0.42992992992992995 25.781523770324537     0.0
-0.4289289289289289 25.87659285668239     0.0
-0.42792792792792794 25.971652264148542     0.0
-0.4269269269269269 26.0667014689421     0.0
-0.42592592592592593 27.615628796447325     1.4538888491088322
-0.42492492492492495 26.256767175672152     0.0
-0.4239239239239239 26.351782630339496     0.0
-0.42292292292292294 26.446785787801918     0.0
-0.4219219219219219 26.54177612458847     0.0
-0.4209209209209209 26.636753117298838     0.0
-0.4199199199199199 26.301808181466942     -0.42990806113940544
-0.4189189189189189 27.731912351094998     0.9052473738343784
-0.41791791791791794 26.921598798090585     0.0
-0.4169169169169169 27.016517182007437     0.0
-0.4159159159159159 27.111419606007335     0.0
-0.4149149149149149 27.206305547174367     0.0
-0.4139139139139139 27.301174482683557     0.0
-0.41291291291291293 27.396025889803518     0.0
-0.4119119119119119 27.49085924589945     0.0
-0.4109109109109109 27.585674028436117     0.0
-0.4099099099099099 25.489157089486763     -2.191312625493761
-0.4089089089089089 27.77524578320489     0.0
-0.40790790790790793 27.870001710889643     0.0
-0.4069069069069069 27.964736975926066     0.0
-0.4059059059059059 28.059451056319315     0.0
-0.4049049049049049 28.154143430191365     0.0
-0.4039039039039039 28.921414564207232     0.6726009884235756
-0.4029029029029029 28.343460971460253     0.0
-0.4019019019019019 28.438085095710466     0.0
-0.4009009009009009 28.532685427151865     0.0
-0.3998998998998999 28.62726144453308     0.0
-0.3988988988988989 28.721812626736828     0.0
-0.3978978978978979 28.816338452782517     0.0
-0.3968968968968969 28.910838401829423     0.0
-0.3958958958958959 29.005311953179287     0.0
-0.3948948948948949 29.09975858627934     0.0
-0.3938938938938939 29.194177780725102     0.0
-0.3928928928928929 29.288569016263384     0.0
-0.3918918918918919 29.38293177279491     0.0
-0.3908908908908909 29.477265530377476     0.0
-0.3898898898898899 29.57156976922854     0.0
-0.3888888888888889 29.665843969728215     0.0
-0.38788788788788786 29.76008761242224     0.0
-0.3868868868868869 29.85430017802462     0.0
-0.3858858858858859 29.948481147420587     0.0
-0.38488488488488487 30.042630001669586     0.0
-0.3838838838838839 30.13674622200791     0.0
-0.38288288288288286 30.230829289851695     0.0
-0.3818818818818819 30.324878686799718     0.0
-0.3808808808808809 30.41889389463639     0.0
-0.37987987987987987 30.51287439533436     0.0
-0.3788788788788789 30.606819671057664     0.0
-0.37787787787787785 30.70072920416431     0.0
-0.3768768768768769 30.794602477209267     0.0
-0.3758758758758759 30.888438972947387     0.0
-0.37487487487487486 30.98223817433607     0.0
-0.3738738738738739 31.075999564538208     0.0
-0.37287287287287285 30.074530967666856     -1.0951916592582769
-0.3718718718718719 31.99294905063919     0.7295422055599212
-0.3708708708708709 31.357051702797072     0.0
-0.36986986986986986 31.45065668409197     0.0
-0.3688688688688689 37.89791568025371     6.353694407056688
-0.36786786786786785 31.637744954567836     0.0
-0.36686686686686687 31.49484706573575     -0.23638014714978026
-0.3658658658658659 31.824667533059376     0.0
-0.36486486486486486 31.918065400229704     0.0
-0.3638638638638639 32.011420299770876     0.0
-0.36286286286286284 32.10473171729391     0.0
-0.36186186186186187 32.197999138649394     0.0
-0.3608608608608609 32.29122204993047     0.0
-0.35985985985985985 32.38439993747538     0.0
-0.3588588588588589 32.4775322878705     0.0
-0.35785785785785784 32.5706185879532     0.0
-0.35685685685685686 32.663658324814435     0.0
-0.35585585585585583 32.75665098580189     0.0
-0.35485485485485485 33.04643591470808     0.19683985618555755
-0.3538538538538539 32.942493030845526     0.0
-0.35285285285285284 33.035341390905124     0.0
-0.35185185185185186 33.12814062710348     0.0
-0.3508508508508508 33.22089022811329     0.0
-0.34984984984984985 33.31358968288089     0.0
-0.34884884884884887 33.406238480628815     0.0
-0.34784784784784784 42.75135023393536     9.252514123076603
-0.34684684684684686 33.59138206335432     0.0
-0.3458458458458458 33.68387582818393     0.0
-0.34484484484484484 33.654369256771915     -0.12194763893153787
-0.34384384384384387 33.868704756559254     0.0
-0.34284284284284283 33.96103890169076     0.0
-0.34184184184184185 34.05331882233339     0.0
-0.3408408408408408 34.14554401002142     0.0
-0.33983983983983984 34.23771395659062     0.0
-0.33883883883883886 34.32982815418113     0.0
-0.33783783783783783 34.42188609524038     0.0
-0.33683683683683685 34.51388727252568     0.0
-0.3358358358358358 34.605831179107085     0.0
-0.33483483483483484 34.69771730837035     0.0
-0.33383383383383386 34.78954515401946     0.0
-0.3328328328328328 34.88131421007954     0.0
-0.33183183183183185 34.973023970899774     0.0
-0.3308308308308308 35.06467393115594     0.0
-0.32982982982982983 35.156263585853324     0.0
-0.32882882882882886 35.24779243032962     0.0
-0.3278278278278278 35.33925996025746     0.0
-0.32682682682682684 35.43066567164733     0.0
-0.3258258258258258 35.52200906085045     0.0
-0.32482482482482483 36.61127421561116     0.9979845910498336
-0.3238238238238238 35.70450685982063     0.0
-0.3228228228228228 35.7956602640181     0.0
-0.32182182182182184 35.88674933489503     0.0
-0.3208208208208208 35.97777357054731     0.0
-0.31981981981981983 36.068732469428035     0.0
-0.3188188188188188 36.159625530350276     0.0
-0.3178178178178178 36.25045225248987     0.0
-0.31681681681681684 36.34121213538829     0.0
-0.3158158158158158 36.431904678955185     0.0
-0.3148148148148148 38.735931156404476     2.2134017729332287
-0.3138138138138138 36.61308574959105     0.0
-0.3128128128128128 36.703573278345644     0.0
-0.31181181181181183 36.79399147114537     0.0
-0.3108108108108108 36.884339829782675     0.0
-0.3098098098098098 36.97461785643471     0.0
-0.3088088088088088 37.06482505366627     0.0
-0.3078078078078078 37.15496092443232     0.0
-0.30680680680680683 37.245024972080834     0.0
-0.3058058058058058 38.25806835878629     0.9230516584306346
-0.3048048048048048 37.42493561339898     0.0
-0.3038038038038038 37.51478121575424     0.0
-0.3028028028028028 37.60455301236891     0.0
-0.30180180180180183 37.694250508597015     0.0
-0.3008008008008008 42.75971544256873     4.975842232366671
-0.2997997997997998 37.873420623359564     0.0
-0.2987987987987988 37.96289225466006     0.0
-0.2977977977977978 38.05228761111148     0.0
-0.29679679679679677 38.14160620014215     0.0
-0.2957957957957958 38.23084752960332     0.0
-0.2947947947947948 38.320011107771904     0.0
-0.2937937937937938 38.40909644335336     0.0
-0.2927927927927928 38.49810304548417     0.0
-0.29179179179179177 38.58703042373461     0.0
-0.2907907907907908 38.6758780881116     0.0
-0.2897897897897898 38.7646455490612     0.0
-0.2887887887887888 38.853332317471356     0.0
-0.2877877877877878 38.941937904674774     0.0
-0.28678678678678676 39.03046182245134     0.0
-0.2857857857857858 39.11890358303097     0.0
-0.2847847847847848 39.20726269909633     0.0
-0.28378378378378377 39.295538683785416     0.0
-0.2827827827827828 39.38373105069423     0.0
-0.28178178178178176 39.471839313879634     0.0
-0.2807807807807808 39.5598629878618     0.0
-0.2797797797797798 39.64780158762699     0.0
-0.27877877877877877 40.25210566184661     0.5164510332162846
-0.2777777777777778 39.82342162679828     0.0
-0.27677677677677676 39.91110209853139     0.0
-0.2757757757757758 39.998695560707084     0.0
-0.2747747747747748 40.086201530682075     0.0
-0.27377377377377377 40.17361952629529     0.0
-0.2727727727727728 40.26094906587031     0.0
-0.27177177177177175 40.348189668218126     0.0
-0.2707707707707708 40.435340852639754     0.0
-0.2697697697697698 40.522402138929024     0.0
-0.26876876876876876 40.60937304737494     0.0
-0.2677677677677678 40.69625309876464     0.0
-0.26676676676676675 40.78304181438581     0.0
-0.26576576576576577 40.869738716029396     0.0
-0.26476476476476474 40.95634332599223     0.0
-0.26376376376376376 41.042855167079765     0.0
-0.2627627627627628 41.12927376260849     0.0
-0.26176176176176175 41.215598636408814     0.0
-0.26076076076076077 41.30182931282744     0.0
-0.25975975975975973 41.38796531673015     0.0
-0.25875875875875876 41.47400617350435     0.0
-0.2577577577577578 41.559951409061796     0.0
-0.25675675675675674 41.64580054984098     0.0
-0.25575575575575576 41.73155312281003     0.0
-0.25475475475475473 41.81720865546905     0.0
-0.25375375375375375 41.90276667585286     0.0
-0.2527527527527528 41.988226712533674     0.0
-0.25175175175175174 42.07358829462346     0.0
-0.25075075075075076 41.205676953607394     -0.953173998169345
-0.24974974974974976 42.24401421419317     0.0
-0.24874874874874875 42.329077612619976     0.0
-0.24774774774774774 42.41404067835465     0.0
-0.24674674674674674 42.49890294324764     0.0
-0.24574574574574576 42.583663939704664     0.0
-0.24474474474474475 42.668323200689485     0.0
-0.24374374374374375 42.752880259726474     0.0
-0.24274274274274274 42.837334650903095     0.0
-0.24174174174174173 42.92168590887248     0.0
-0.24074074074074073 43.00593356885615     0.0
-0.23973973973973975 43.09007716664634     0.0
-0.23873873873873874 43.17411623860867     0.0
-0.23773773773773774 43.25805032168481     0.0
-0.23673673673673673 43.341878953394826     0.0
-0.23573573573573572 43.425601671839814     0.0
-0.23473473473473475 43.50921801570456     0.0
-0.23373373373373374 43.592727524259885     0.0
-0.23273273273273273 46.22216332189243     2.5460335845271675
-0.23173173173173173 43.75942419547148     0.0
-0.23073073073073072 50.240855964758005     6.398245525135044
-0.22972972972972974 43.92568801146038     0.0
-0.22872872872872874 45.233954895591054     1.2252984423677624
-0.22772772772772773 44.09151530775247     0.0
-0.22672672672672672 44.17426411849261     0.0
-0.22572572572572572 44.25690242949466     0.0
-0.2247247247247247 44.339429785418474     0.0
-0.22372372372372373 44.42184573153523     0.0
-0.22272272272272273 44.504149813730066     0.0
-0.22172172172172172 44.586341578504395     0.0
-0.22072072072072071 44.668420572978604     0.0
-0.2197197197197197 44.750386344894366     0.0
-0.21871871871871873 44.83223844261723     0.0
-0.21771771771771772 44.91397641513909     0.0
-0.21671671671671672 44.99559981208074     0.0
-0.2157157157157157 45.07710818369418     0.0
-0.2147147147147147 45.158501080865335     0.0
-0.21371371371371373 45.239778055116275     0.0
-0.21271271271271272 45.32093865860786     0.0
-0.21171171171171171 45.40198244414219     0.0
-0.2107107107107107 45.482908965164995     0.0
-0.2097097097097097 45.563717775768104     0.0
-0.2087087087087087 45.64440843069205     0.0
-0.20770770770770772 45.7249804853283     0.0
-0.2067067067067067 45.805433495721815     0.0
-0.2057057057057057 45.88576701857359     0.0
-0.2047047047047047 45.96598061124291     0.0
-0.2037037037037037 46.04607383174988     0.0
-0.20270270270270271 46.126046238777946     0.0
-0.2017017017017017 46.205897391676146     0.0
-0.2007007007007007 46.285626850461654     0.0
-0.1996996996996997 46.36523417582225     0.0
-0.1986986986986987 46.444718929118594     0.0
-0.1976976976976977 46.524080672386724     0.0
-0.1966966966966967 46.603318968340545     0.0
-0.1956956956956957 46.68243338037411     0.0
-0.1946946946946947 47.11103499761823     0.3496115250542317
-0.19369369369369369 46.84028880967199     0.0
-0.19269269269269268 46.91902895714709     0.0
-0.1916916916916917 46.997643481128165     0.0
-0.1906906906906907 47.07613194844631     0.0
-0.1896896896896897 47.154493926627154     0.0
-0.18868868868868868 47.23272898389325     0.0
-0.18768768768768768 47.3108366891666     0.0
-0.1866866866866867 47.388816612070826     0.0
-0.1856856856856857 47.46666832293364     0.0
-0.18468468468468469 47.54439139278929     0.0
-0.18368368368368368 47.62198539338074     0.0
-0.18268268268268267 47.699449897162154     0.0
-0.1816816816816817 47.776784477301305     0.0
-0.1806806806806807 47.85398870768172     0.0
-0.17967967967967968 47.93106216290532     0.0
-0.17867867867867868 48.00800441829445     0.0
-0.17767767767767767 48.084815049894445     0.0
-0.17667667667667666 48.16149363447586     0.0
-0.17567567567567569 48.81882752080077     0.5807877712638674
-0.17467467467467468 48.31445297330559     0.0
-0.17367367367367367 48.39073288474228     0.0
-0.17267267267267267 48.466879063541796     0.0
-0.17167167167167166 48.5428910901359     0.0
-0.17067067067067068 48.618768545695474     0.0
-0.16966966966966968 48.69451101213296     0.0
-0.16866866866866867 48.770118072104545     0.0
-0.16766766766766766 48.84558930901255     0.0
-0.16666666666666666 45.4808656151488     -3.4400586918588614
-0.16566566566566568 48.9961226509912     0.0
-0.16466466466466467 49.07118392661758     0.0
-0.16366366366366367 49.14610772029634     0.0
-0.16266266266266266 49.22089361919461     0.0
-0.16166166166166165 49.29554121123934     0.0
-0.16066066066066065 49.37005008511953     0.0
-0.15965965965965967 49.44441983028847     0.0
-0.15865865865865866 49.518650036966186     0.0
-0.15765765765765766 49.59274029614146     0.0
-0.15665665665665665 49.66669019957419     0.0
-0.15565565565565564 49.740499339797715     0.0
-0.15465465465465467 49.81416731012092     0.0
-0.15365365365365366 49.887693704630536     0.0
-0.15265265265265265 49.961078118193456     0.0
-0.15165165165165165 50.03432014645881     0.0
-0.15065065065065064 50.10741938586028     0.0
-0.14964964964964966 50.18037543361843     0.0
-0.14864864864864866 50.25318788774268     0.0
-0.14764764764764765 50.32585634703369     0.0
-0.14664664664664664 50.398380411085625     0.0
-0.14564564564564564 50.47075968028816     0.0
-0.14464464464464463 51.446086142543024     0.9030923867141956
-0.14364364364364365 50.61508223969524     0.0
-0.14264264264264265 50.687024734677166     0.0
-0.14164164164164164 50.75882084436875     0.0
-0.14064064064064064 52.28285820351524     1.4523880303444046
-0.13963963963963963 50.881339136140184     -0.02063319015276077
-0.13863863863863865 50.97332690975552     0.0
-0.13763763763763764 51.04453353039223     0.0
-0.13663663663663664 51.11559179585193     0.0
-0.13563563563563563 51.18650131460092     0.0
-0.13463463463463463 51.257261695925166     0.0
-0.13363363363363365 51.32787254993231     0.0
-0.13263263263263264 51.39833348755397     0.0
-0.13163163163163163 51.46864412054775     0.0
-0.13063063063063063 51.53880406149946     0.0
-0.12962962962962962 50.38632184504657     -1.222491078778628
-0.12862862862862862 51.678670321773595     0.0
-0.12762762762762764 51.74837587042775     0.0
-0.12662662662662663 51.81792918570755     0.0
-0.12562562562562563 51.88732988437163     0.0
-0.12462462462462462 51.956577584019556     0.0
-0.12362362362362363 52.025671903093965     0.0
-0.12262262262262262 54.470112133176166     2.37549967229357
-0.12162162162162163 52.163398877520386     0.0
-0.12062062062062062 52.23203077399169     0.0
-0.11961961961961962 52.30050777213218     0.0
-0.11861861861861862 52.36882949463104     0.0
-0.11761761761761762 52.436995565033115     0.0
-0.11661661661661661 52.50500560774078     0.0
-0.11561561561561562 52.572859248016165     0.0
-0.11461461461461461 52.64055611198326     0.0
-0.11361361361361362 52.708095826629794     0.0
-0.11261261261261261 53.70201066079994     0.9265326409905142
-0.11161161161161161 53.501205704846164     0.6585033846023398
-0.11061061061061062 52.90976835752457     0.0
-0.10960960960960961 52.976675762115306     0.0
-0.1086086086086086 53.043424165353784     0.0
-0.10760760760760761 53.11001319945382     0.0
-0.1066066066066066 53.17644249750734     0.0
-0.10560560560560561 50.83296564967385     -2.409746043812648
-0.1046046046046046 53.308820422245546     0.0
-0.1036036036036036 53.374768319522914     0.0
-0.10260260260260261 53.4405550219433     0.0
-0.1016016016016016 53.50618016701951     0.0
-0.1006006006006006 53.57164339315454     0.0
-0.0995995995995996 53.636944339643634     0.0
-0.0985985985985986 53.70208264667614     0.0
-0.09759759759759759 53.76705795533755     0.0
-0.0965965965965966 53.83186990761154     0.0
-0.09559559559559559 53.89651814638185     0.0
-0.0945945945945946 53.96100231543426     0.0
-0.0935935935935936 52.73563624180051     -1.2896858176581192
-0.09259259259259259 54.08947702405081     0.0
-0.0915915915915916 54.15346685571451     0.0
-0.09059059059059059 54.21729120186345     0.0
-0.08958958958958958 54.2809497108231     0.0
-0.08858858858858859 54.344442031832685     0.0
-0.08758758758758758 54.40776781504721     0.0
-0.08658658658658659 54.463135475529675     -0.00779123600954524
-0.08558558558558559 54.53391837330089     0.0
-0.08458458458458458 54.596742453245845     0.0
-0.08358358358358359 54.65939860521102     0.0
-0.08258258258258258 54.72188648395875     0.0
-0.08158158158158157 54.78420574517849     0.0
-0.08058058058058058 54.846356045488776     0.0
-0.07957957957957958 54.9083370424392     0.0
-0.07857857857857858 54.97014839451215     0.0
-0.07757757757757758 55.03178976112476     0.0
-0.07657657657657657 55.09326080263087     0.0
-0.07557557557557558 55.154561180322744     0.0
-0.07457457457457457 55.21569055643299     0.0
-0.07357357357357357 55.27664859413654     0.0
-0.07257257257257257 55.33743495755232     0.0
-0.07157157157157157 55.398049311745204     0.0
-0.07057057057057058 55.458491322727895     0.0
-0.06956956956956957 55.51876065746264     0.0
-0.06856856856856856 55.57885698386317     0.0
-0.06756756756756757 55.63877997079653     0.0
-0.06656656656656657 52.10916194534108     -3.5893673427437434
-0.06556556556556556 55.758104606507075     0.0
-0.06456456456456457 53.86938860748796     -1.9481169903131683
-0.06356356356356356 55.87673193466529     0.0
-0.06256256256256257 55.93578329076023     0.0
-0.06156156156156156 55.99465934071083     0.0
-0.06056056056056056 56.05335976010786     0.0
-0.059559559559559556 56.11188422550981     0.0
-0.05855855855855856 56.170232414444754     0.0
-0.05755755755755756 56.228404005411974     0.0
-0.05655655655655656 56.28639867788384     0.0
-0.05555555555555555 56.344216112307606     0.0
-0.05455455455455455 56.40185599010704     0.0
-0.053553553553553554 56.45931799368424     0.0
-0.052552552552552555 56.516601806421505     0.0
-0.05155155155155155 56.57370711268288     0.0
-0.05055055055055055 56.630633597816     0.0
-0.04954954954954955 56.687380948153844     0.0
-0.04854854854854855 56.7439488510164     0.0
-0.047547547547547545 56.800336994712396     0.0
-0.046546546546546545 56.85654506854114     0.0
-0.045545545545545546 56.912572762794     0.0
-0.04454454454454455 56.96841976875635     0.0
-0.04354354354354354 57.02408577870909     0.0
-0.04254254254254254 57.07957048593045     0.0
-0.04154154154154154 57.134873584697644     0.0
-0.04054054054054054 57.18999477028855     0.0
-0.03953953953953954 57.24493373898338     0.0
-0.03853853853853854 57.29969018806641     0.0
-0.03753753753753754 57.35426381582755     0.0
-0.03653653653653654 57.408654321564086     0.0
-0.03553553553553553 57.46286140558236     0.0
-0.03453453453453453 59.25925754858156     1.7423727793822827
-0.033533533533533534 58.29651213305282     0.7257880183086948
-0.032532532532532535 57.62437914556014     0.0
-0.03153153153153153 57.67784956600609     0.0
-0.03053053053053053 57.73113508145795     0.0
-0.02952952952952953 57.784235398310614     0.0
-0.028528528528528527 57.837150223979336     0.0
-0.027527527527527528 57.88987926690146     0.0
-0.026526526526526525 57.942422236538036     0.0
-0.025525525525525526 57.99477884337533     0.0
-0.024524524524524523 58.04694879892649     0.0
-0.023523523523523524 58.09893181573318     0.0
-0.02252252252252252 58.150727607367     0.0
-0.021521521521521522 58.202335888431236     0.0
-0.02052052052052052 58.25375637456236     0.0
-0.01951951951951952 58.30498878243158     0.0
-0.018518518518518517 58.3560328297464     0.0
-0.017517517517517518 58.40688823525228     0.0
-0.016516516516516516 58.457554718734045     0.0
-0.015515515515515516 58.50803200101744     0.0
-0.014514514514514515 58.79152771000451     0.23320790603366448
-0.013513513513513514 58.608417850506555     0.0
-0.012512512512512513 58.65832586458248     0.0
-0.011511511511511512 58.70804357120363     0.0
-0.010510510510510511 58.75757069642361     0.0
-0.00950950950950951 58.80690696734608     0.0
-0.00850850850850851 58.85605211212642     0.0
-0.0075075075075075074 58.905005859973016     0.0
-0.0065065065065065065 58.95376794114891     0.0
-0.0055055055055055055 59.00233808697325     0.0
-0.0045045045045045045 59.05071602982274     0.0
-0.0035035035035035035 59.09890150313308     0.0
-0.0025025025025025025 59.14689424140056     0.0
-0.0015015015015015015 59.194693980183416     0.0
-0.0005005005005005005 59.24230045610328     0.0
0.0005005005005005005 59.28971340684676     0.0
0.0015015015015015015 59.3369325711667     0.0
0.0025025025025025025 59.98658824883022     0.6026305599464425
0.0035035035035035035 59.43078850088786     0.0
0.0045045045045045045 59.4774247491394     0.0
0.0055055055055055055 59.52386617667098     0.0
0.0065065065065065065 59.570112527588606     0.0
0.0075075075075075074 59.61616354707316     0.0
0.00850850850850851 61.849090693864525     2.1870717124827075
0.00950950950950951 59.707678577849464     0.0
0.010510510510510511 59.75314208488999     0.0
0.011511511511511512 59.798409251997825     0.0
0.012512512512512513 59.843479829749185     0.0
0.013513513513513514 59.8883535698035     0.0
0.014514514514514515 59.93303022490484     0.0
0.015515515515515516 59.97750954888316     0.0
0.016516516516516516 60.021791296655735     0.0
0.017517517517517518 60.06587522422849     0.0
0.018518518518518517 60.10976108869737     0.0
0.01951951951951952 60.15344864824961     0.0
0.02052052052052052 60.19693766216517     0.0
0.021521521521521522 59.2782273278903     -0.9620005629276517
0.02252252252252252 60.283319095677186     0.0
0.023523523523523524 60.32621103930876     0.0
0.024524524524524523 60.368903485376464     0.0
0.025525525525525526 60.41139619864332     0.0
0.026526526526526525 60.45368894497294     0.0
0.027527527527527528 60.4957814913307     0.0
0.028528528528528527 60.5376736057851     0.0
0.02952952952952953 60.579365057509094     0.0
0.03053053053053053 60.620855616781185     0.0
0.03153153153153153 60.66214505498685     0.0
0.032532532532532535 60.7032331446198     0.0
0.033533533533533534 60.744119659283115     0.0
0.03453453453453453 60.78480437369058     0.0
0.03553553553553553 60.825287063667915     0.0
0.03653653653653654 60.86556750615401     0.0
0.03753753753753754 60.90564547920209     0.0
0.03853853853853854 60.945520761981115     0.0
0.03953953953953954 60.985193134776736     0.0
0.04054054054054054 61.02466237899273     0.0
0.04154154154154154 61.063928277152115     0.0
0.04254254254254254 61.102990612898324     0.0
0.04354354354354354 61.14184917099644     0.0
0.04454454454454455 61.18050373733436     0.0
0.045545545545545546 61.218954098924016     0.0
0.046546546546546545 61.25720004390246     0.0
0.047547547547547545 61.29524136153316     0.0
0.04854854854854855 61.33307784220699     0.0
0.04954954954954955 63.936286600602386     2.5655773231587893
0.05055055055055055 61.40813545989235     0.0
0.05155155155155155 61.44535618333359     0.0
0.052552552552552555 61.482371242679775     0.0
0.053553553553553554 61.519180433976544     0.0
0.05455455455455455 61.55578355440389     0.0
0.05555555555555555 61.592180402277265     0.0
0.05655655655655656 61.62837077704869     0.0
0.05755755755755756 61.664354479307846     0.0
0.05855855855855856 61.700131310783235     0.0
0.059559559559559556 60.96113689385123     -0.7745641804919331
0.06056056056056056 61.77106357399691     0.0
0.06156156156156156 61.80621861489581     0.0
0.06256256256256257 61.841166003334294     0.0
0.06356356356356356 61.87590554675093     0.0
0.06456456456456457 61.91043705372957     0.0
0.06556556556556556 61.94476033400031     0.0
0.06656656656656657 61.978875198440605     0.0
0.06756756756756757 62.01278145907632     0.0
0.06856856856856856 62.046478929082696     0.0
0.06956956956956957 62.07996742278537     0.0
0.07057057057057058 62.11324675566158     0.0
0.07157157157157157 62.14631674434092     0.0
0.07257257257257257 62.17917720660654     0.0
0.07357357357357357 62.21182796139607     0.0
0.07457457457457457 62.24426882880266     0.0
0.07557557557557558 53.71211342958799     -8.564386200487919
0.07657657657657657 62.30852018762292     0.0
0.07757757757757758 62.34033032500922     0.0
0.07857857857857858 62.37192986695979     0.0
0.07957957957957958 62.40331863935998     0.0
0.08058058058058058 62.43449646925649     0.0
0.08158158158158157 61.33654452181113     -1.1289186630471801
0.08258258258258258 67.06036686364551     4.564148248107805
0.08358358358358359 60.75555186744132     -1.7712107243898134
0.08458458458458458 62.5570949454401     0.0
0.08558558558558559 62.587215509232266     0.0
0.08658658658658659 62.61712411724217     0.0
0.08758758758758758 62.6468206046723     0.0
0.08858858858858859 66.08680999577658     3.4105051878826815
0.08958958958958958 62.70557656444791     0.0
0.09059059059059059 62.73463571304589     0.0
0.0915915915915916 62.76348209357084     0.0
0.09259259259259259 62.792115547078126     0.0
0.0935935935935936 62.820535915796384     0.0
0.0945945945945946 62.84874304312831     0.0
0.09559559559559559 62.87673677365157     0.0
0.0965965965965966 62.904516953119725     0.0
0.09759759759759759 62.93208342846292     0.0
0.0985985985985986 62.95943604778884     0.0
0.0995995995995996 62.986574660383596     0.0
0.1006006006006006 63.01349911671237     0.0
0.1016016016016016 63.040209268420426     0.0
0.10260260260260261 63.745635685190145     0.6789307168562944
0.1036036036036036 63.09298607046037     0.0
0.1046046046046046 63.11905242999009     0.0
0.10560560560560561 63.14490390329645     0.0
0.1066066066066066 63.170540347936864     0.0
0.10760760760760761 63.19596162265354     0.0
0.1086086086086086 63.22116758737437     0.0
0.10960960960960961 63.2461581032135     0.0
0.11061061061061062 63.270933032472286     0.0
0.11161161161161161 63.295492238639966     0.0
0.11261261261261261 63.319835586394376     0.0
0.11361361361361362 63.34396294160278     0.0
0.11461461461461461 63.367874171322555     0.0
0.11561561561561562 63.391569143801945     0.0
0.11661661661661661 63.41504772848077     0.0
0.11761761761761762 63.43830979599116     0.0
0.11861861861861862 65.73486120001901     2.2735059818607373
0.11961961961961962 63.484183868000954     0.0
0.12062062062062062 63.506795619732515     0.0
0.12162162162162163 63.52919034876136     0.0
0.12262262262262262 63.5513679316917     0.0
0.12362362362362363 63.57332824632424     0.0
0.12462462462462462 63.595071171656826     0.0
0.12562562562562563 63.61659658788514     0.0
0.12662662662662663 63.88074819962164     0.24284382321830075
0.12762762762762764 63.65899441980473     0.0
0.12862862862862862 63.67986660188235     0.0
0.12962962962962962 63.70052080762976     0.0
0.13063063063063063 63.720956923241474     0.0
0.13163163163163163 63.741174836113785     0.0
0.13263263263263264 63.7611744348452     0.0
0.13363363363363365 63.78095560923721     0.0
0.13463463463463463 63.800518250294814     0.0
0.13563563563563563 63.81986225022712     0.0
0.13663663663663664 63.83898750244799     0.0
0.13763763763763764 63.85789390157656     0.0
0.13863863863863865 63.87658134343789     0.0
0.13963963963963963 63.89504972506346     0.0
0.14064064064064064 63.91329894469183     0.0
0.14164164164164164 63.93132890176909     0.0
0.14264264264264265 63.94913949694954     0.0
0.14364364364364365 63.96673063209613     0.0
0.14464464464464463 63.98410221028105     0.0
0.14564564564564564 64.00125413578625     0.0
0.14664664664664664 64.01818631410401     0.0
0.14764764764764765 64.03489865193738     0.0
0.14864864864864866 64.05139105720077     0.0
0.14964964964964966 64.06766343902042     0.0
0.15065065065065064 63.221877952132616     -0.8618377556022818
0.15165165165165165 64.0995477748956     0.0
0.15265265265265265 64.11515955326728     0.0
0.15365365365365366 67.70692915288588     3.576378196057462
0.15465465465465467 64.14572190077182     0.0
0.15565565565565564 64.16067230150504     0.0
0.15665665665665665 64.17540207665083     0.0
0.15765765765765766 64.18991114504755     0.0
0.15865865865865866 64.20419942674971     0.0
0.15965965965965967 64.21826684302835     0.0
0.16066066066066065 64.23211331637148     0.0
0.16166166166166165 64.24573877048452     0.0
0.16266266266266266 64.25914313029072     0.0
0.16366366366366367 64.27232632193154     0.0
0.16466466466466467 63.081134295224885     -1.2041539775422632
0.16566566566566568 64.29802891137668     0.0
0.16666666666666666 63.79712427489955     -0.5134238926591953
0.16766766766766766 64.35733459698122     0.03448862464942406
0.16866866866866867 64.33492225793447     0.0
0.16966966966966968 64.34677695782597     0.0
0.17067067067067068 64.35841000668647     0.0
0.17167167167167166 64.36982134041743     0.0
0.17267267267267267 64.381010896142     0.0
0.17367367367367367 64.3919786122053     0.0
0.17467467467467468 64.40272442817482     0.0
0.17567567567567569 64.4132482848407     0.0
0.17667667667667666 64.42355012421612     0.0
0.17767767767767767 64.43362988953753     0.0
0.17867867867867868 64.44348752526508     0.0
0.17967967967967968 64.45312297708281     0.0
0.1806806806806807 64.46253619189905     0.0
0.1816816816816817 64.47172711784663     0.0
0.18268268268268267 62.93226036509405     -1.5484353391891246
0.18368368368368368 64.48944190179148     0.0
0.18468468468468469 64.49796566217967     0.0
0.1856856856856857 64.50626693848149     0.0
0.1866866866866867 64.51434568495661     0.0
0.18768768768768768 64.52220185709085     0.0
0.18868868868868868 64.52983541159638     0.0
0.1896896896896897 62.741114760495535     -1.7961315459165221
0.1906906906906907 64.10667812730915     -0.43775637339442486
0.1916916916916917 64.5513999548637     0.0
0.19269269269269268 64.55814263051253     0.0
0.19369369369369369 65.53045082370703     0.9657883332093358
0.1946946946946947 64.5709594988945     0.0
0.1956956956956957 64.57703362100618     0.0
0.1966966966966967 64.58288482336414     0.0
0.1976976976976977 65.0658992904566     0.4773862167285853
0.1986986986986987 64.59391834108592     0.0
0.1996996996996997 64.59910059565468     0.0
0.2007007007007007 64.60405980887982     0.0
0.2017017017017017 64.60879595343593     0.0
0.20270270270270271 64.26211068538791     -0.3511983178387622
0.2037037037037037 64.61759893338498     0.0
0.2047047047047047 64.62166572027317     0.0
0.2057057057057057 64.6255093414831     0.0
0.2067067067067067 64.62912977583626     0.0
0.20770770770770772 64.63252700338394     0.0
0.2087087087087087 64.63570100540728     0.0
0.2097097097097097 64.63865176441743     0.0
0.2107107107107107 64.64137926415559     0.0
0.21171171171171171 64.64388348959312     0.0
0.21271271271271272 64.64616442693166     0.0
0.21371371371371373 64.64822206360316     0.0
0.2147147147147147 64.65005638826995     0.0
0.2157157157157157 64.65166739082485     0.0
0.21671671671671672 64.65305506239118     0.0
0.21771771771771772 64.6542193953228     0.0
0.21871871871871873 65.95783125643688     1.3026708732326742
0.2197197197197197 64.65587802085052     0.0
0.22072072072072071 64.65637230430752     0.0
0.22172172172172172 64.65664323085171     0.0
0.22272272272272273 64.65669079899024     0.0
0.22372372372372373 64.65651500846104     0.0
0.2247247247247247 64.65611586023272     0.0
0.22572572572572572 64.65549335650456     0.0
0.22672672672672672 64.65464750070663     0.0
0.22772772772772773 64.6535782974996     0.0
0.22872872872872874 64.65228575277483     0.0
0.22972972972972974 64.65076987365428     0.0
0.23073073073073072 64.64903066849051     0.0
0.23173173173173173 64.6470681468666     0.0
0.23273273273273273 64.6448823195961     0.0
0.23373373373373374 64.56382410964142     -0.07864908908162355
0.23473473473473475 64.63984079752173     0.0
0.23573573573573572 64.63698513049681     0.0
0.23673673673673673 64.63390621338311     0.0
0.23773773773773774 64.63060406314557     0.0
0.23873873873873874 64.62707869797917     0.0
0.23973973973973975 64.62333013730881     0.0
0.24074074074074073 64.61935840178919     0.0
0.24174174174174173 64.61516351330471     0.0
0.24274274274274274 64.61074549496936     0.0
0.24374374374374375 64.6061043711266     0.0
0.24474474474474475 65.14488929385442     0.5436491265052116
0.24574574574574576 64.59615291043909     0.0
0.24674674674674674 64.59084262842724     0.0
0.24774774774774774 64.5853093505735     0.0
0.24874874874874875 62.66568440657347     -1.9138687007929795
0.24974974974974976 64.57357393052318     0.0
0.25075075075075076 64.5673718529892     0.0
0.25175175175175174 64.56094690893818     0.0
0.2527527527527528 64.55429913377179     0.0
0.25375375375375375 64.32861087553194     -0.21881768858759001
0.25475475475475473 64.5403352378385     0.0
0.25575575575575576 64.53301919401316     0.0
0.25675675675675674 64.52548047295521     0.0
0.2577577577577578 64.51771911620327     0.0
0.25875875875875876 64.5097351665227     0.0
0.25975975975975973 64.50152866790538     0.0
0.26076076076076077 64.4930996655694     0.0
0.26176176176176175 64.48444820595888     0.0
0.2627627627627628 64.47557433674368     0.0
0.26376376376376376 64.46647810681915     0.0
0.26476476476476474 64.45715956630588     0.0
0.26576576576576577 64.44761876654933     0.0
0.26676676676676675 64.43785576011967     0.0
0.2677677677677678 64.42787060081145     0.0
0.26876876876876876 64.41766334364326     0.0
0.2697697697697698 64.40723404485745     0.0
0.2707707707707708 64.39658276191984     0.0
0.27177177177177175 64.38570955351942     0.0
0.2727727727727728 64.37461447956795     0.0
0.27377377377377377 64.36329760119972     0.0
0.2747747747747748 58.738550680021085     -5.613208300750036
0.2757757757757758 66.00333385585942     1.6633351739990307
0.27677677677677676 64.32801676926722     0.0
0.2777777777777778 64.31581330901238     0.0
0.27877877877877877 63.45129031047005     -0.8520980578673311
0.2797797797797798 64.29074201570413     0.0
0.2807807807807808 64.2778743207945     0.0
0.28178178178178176 64.26478535450993     0.0
0.2827827827827828 64.25147518897113     0.0
0.28378378378378377 64.23794389751762     0.0
0.2847847847847848 64.2241915547073     0.0
0.2857857857857858 64.2102182363161     0.0
0.28678678678678676 64.1960240193375     0.0
0.2877877877877878 64.18160898198218     0.0
0.2887887887887888 64.16697320367751     0.0
0.2897897897897898 64.15211676506722     0.0
0.2907907907907908 64.13703974801078     0.0
0.29179179179179177 64.12174223558314     0.0
0.2927927927927928 64.10622431207416     0.0
0.2937937937937938 64.09048606298816     0.0
0.2947947947947948 64.07452757504349     0.0
0.2957957957957958 64.058348936172     0.0
0.29679679679679677 64.0419502355186     0.0
0.2977977977977978 64.02533156344072     0.0
0.2987987987987988 64.00849301150788     0.0
0.2997997997997998 63.9914346725011     0.0
0.3008008008008008 63.97415664041249     0.0
0.30180180180180183 63.956659010444625     0.0
0.3028028028028028 63.9389418790101     0.0
0.3038038038038038 63.921005343730954     0.0
0.3048048048048048 64.0311949184773     0.1283454150391031
0.3058058058058058 63.88447445817114     0.0
0.30680680680680683 63.86588030917699     0.0
0.3078078078078078 63.84706715891018     0.0
0.3088088088088088 63.828035111031866     0.0
0.3098098098098098 63.80878427040935     0.0
0.3108108108108108 63.78931474311547     0.0
0.31181181181181183 63.76962663642803     0.0
0.3128128128128128 63.749720058829254     0.0
0.3138138138138138 63.7295951200051     0.0
0.3148148148148148 63.7542184903433     0.04496655949857032
0.3158158158158158 63.68869060343988     0.0
0.31681681681681684 63.66791125108422     0.0
0.3178178178178178 58.13224492085821     -5.514669067414519
0.3188188188188188 63.62569893070115     0.0
0.31981981981981983 63.60426619526518     0.0
0.3208208208208208 63.582615900060034     0.0
0.32182182182182184 63.72265913562626     0.16191097124664341
0.3228228228228228 63.538663108715966     0.0
0.3238238238238238 63.51636085475856     0.0
0.32482482482482483 63.49384152539365     0.0
0.3258258258258258 63.47110524470354     0.0
0.32682682682682684 63.44815213796602     0.0
0.3278278278278278 63.42498233165354     0.0
0.32882882882882886 63.40159595343259     0.0
0.32982982982982983 63.377993132162985     0.0
0.3308308308308308 55.76044140434151     -7.593732593555622
0.33183183183183185 63.33013868187936     0.0
0.3328328328328328 63.30588731654515     0.0
0.33383383383383386 63.281420035520426     0.0
0.33483483483483484 63.25673697362079     0.0
0.3358358358358358 63.23183826685084     0.0
0.33683683683683685 63.20672405240339     0.0
0.33783783783783783 63.18139446865867     0.0
0.33883883883883886 63.155849655183616     0.0
0.33983983983983984 63.13008975273114     0.0
0.3408408408408408 63.10411490323921     0.0
0.34184184184184185 63.077925249830216     0.0
0.34284284284284283 63.05152093681015     0.0
0.34384384384384387 63.024902109667735     0.0
0.34484484484484484 64.18769618249152     1.1896272674178425
0.3458458458458458 64.2251736206726     1.2541521197926946
0.34684684684684686 62.94376001611866     0.0
0.34784784784784784 62.91628461100173     0.0
0.34884884884884887 62.888595436919616     0.0
0.34984984984984985 62.86069264644068     0.0
0.3508508508508508 62.83257639331035     0.0
0.35185185185185186 62.80424683245022     0.0
0.35285285285285284 62.77570411995721     0.0
0.3538538538538539 62.74694841310274     0.0
0.35485485485485485 62.7179798703318     0.0
0.35585585585585583 62.68879865126213     0.0
0.35685685685685686 62.17296573052849     -0.48643918615487153
0.35785785785785784 64.2980561250016     1.6682572964455664
0.3588588588588589 62.599980550010784     0.0
0.35985985985985985 66.22674040672273     3.656790161375264
0.3608608608608609 62.53970808003412     0.0
0.36186186186186187 62.509254220706225     0.0
0.36286286286286284 62.47858883516568     0.0
0.3638638638638639 62.447712092379874     0.0
0.36486486486486486 62.41662416248083     0.0
0.3658658658658659 62.38532521676419     0.0
0.36686686686686687 62.353815427688275     0.0
0.36786786786786785 62.3220949688732     0.0
0.3688688688688689 62.290164015099904     0.0
0.36986986986986986 62.258022742309095     0.0
0.3708708708708709 62.22567132760037     0.0
0.3718718718718719 62.19310994923123     0.0
0.37287287287287285 62.21118277420604     0.050843987589955404
0.3738738738738739 62.12735802032523     0.0
0.37487487487487486 62.094167832083954     0.0
0.3758758758758759 62.06076840477138     0.0
0.3768768768768769 64.35045957636547     2.323299653945867
0.37787787787787785 61.99334257021262     0.0
0.3788788788788789 60.07117816018712     -1.8881383742981503
0.37987987987987987 61.92508200272228     0.0
0.3808808808808809 58.80583634678261     -3.0848028167746
0.3818818818818819 61.85598820677134     0.0
0.38288288288288286 61.821129323292766     0.0
0.3838838838838839 61.78606270519519     0.0
0.38488488488488487 61.75078854569699     0.0
0.3858858858858859 61.715307039160095     0.0
0.3868868868868869 61.67961838108894     0.0
0.38788788788788786 61.64372276812931     0.0
0.3888888888888889 61.6076203980674     0.0
0.3898898898898899 61.571311469828586     0.0
0.3908908908908909 61.5347961834764     0.0
0.3918918918918919 61.498074740211436     0.0
0.3928928928928929 61.461147342370225     0.0
0.3938938938938939 60.53836446405384     -0.885649729370229
0.3948948948948949 61.386675497978004     0.0
0.3958958958958959 61.349131461769616     0.0
0.3968968968968969 66.27927629810925     4.967894006441329
0.3978978978978979 61.273428195672295     0.0
0.3988988988988989 61.235269382911184     0.0
0.3998998998998999 61.19690606364104     0.0
0.4009009009009009 61.15833844924521     0.0
0.4019019019019019 61.11956675223264     0.0
0.4029029029029029 61.080591186236845     0.0
0.4039039039039039 61.041411966014635     0.0
0.4049049049049049 60.29756040746852     -0.7044688999764436
0.4059059059059059 60.9624434275277     0.0
0.4069069069069069 60.92265454438258     0.0
0.40790790790790793 60.88266287724777     0.0
0.4089089089089089 60.84246864647885     0.0
0.4099099099099099 60.80207207354752     0.0
0.4109109109109109 60.7614733810404     0.0
0.4119119119119119 60.72067279265778     0.0
0.41291291291291293 61.747353516089646     1.0676829828772139
0.4139139139139139 60.638466828628296     0.0
0.4149149149149149 60.59706190593933     0.0
0.4159159159159159 60.55545599328819     0.0
0.4169169169169169 60.51364931992498     0.0
0.41791791791791794 60.47164211620603     0.0
0.4189189189189189 60.429434613592605     0.0
0.4199199199199199 60.387027044649585     0.0
0.4209209209209209 60.34441964304425     0.0
0.4219219219219219 60.47742146111638     0.17580881757140648
0.42292292292292294 60.25860628201988     0.0
0.4239239239239239 61.53351102685431     1.318110231418674
0.42492492492492495 60.17199642185609     0.0
0.42592592592592593 60.12839340044091     0.0
0.4269269269269269 60.08459197144438     0.0
0.42792792792792794 60.04059237621401     0.0
0.4289289289289289 59.99639485718916     0.0
0.42992992992992995 59.95199965789982     0.0
0.43093093093093093 59.90740702296519     0.0
0.4319319319319319 59.86261719809232     0.0
0.43293293293293295 59.81763043007483     0.0
0.4339339339339339 59.83869424659581     0.06624727980434111
0.43493493493493496 59.72706705720476     0.0
0.43593593593593594 59.68149095135975     0.0
0.4369369369369369 59.635718900382415     0.0
0.43793793793793795 59.58975115647846     0.0
0.4389389389389389 59.543587972931874     0.0
0.43993993993993996 59.49722960410351     0.0
0.44094094094094094 59.45067630542968     0.0
0.4419419419419419 59.40392833342081     0.0
0.44294294294294295 59.356985945659915     0.0
0.44394394394394393 59.30984940080131     0.0
0.44494494494494496 59.26251895856912     0.0
0.44594594594594594 59.214994879755835     0.0
0.4469469469469469 59.16727742622086     0.0
0.44794794794794796 59.11936686088917     0.0
0.44894894894894893 59.071263447749715     0.0
0.44994994994994997 59.0229674518541     0.0
0.45095095095095095 58.97447913931505     0.0
0.4519519519519519 58.925798777304976     0.0
0.45295295295295296 58.876926634054456     0.0
0.45395395395395394 58.827862978850845     0.0
0.45495495495495497 58.77860808203664     0.0
0.45595595595595595 58.72916221500819     0.0
0.456956956956957 58.679525650214046     0.0
0.45795795795795796 58.629698661153526     0.0
0.45895895895895894 58.57968152237517     0.0
0.45995995995996 58.52947450947528     0.0
0.46096096096096095 58.47907789909634     0.0
0.461961961961962 58.42849196892554     0.0
0.46296296296296297 58.377716997693256     0.0
0.46396396396396394 58.32675326517142     0.0
0.464964964964965 58.27560105217212     0.0
0.46596596596596596 58.224260640545936     0.0
0.466966966966967 58.17273231318042     0.0
0.46796796796796797 58.121016353998584     0.0
0.46896896896896895 58.06911304795729     0.0
0.46996996996997 56.527595140115935     -1.4894275409296855
0.47097097097097096 57.9647455402835     0.0
0.471971971971972 57.91228191371985     0.0
0.47297297297297297 57.859632090431234     0.0
0.47397397397397395 57.80679636052011     0.0
0.474974974974975 57.75377501511332     0.0
0.47597597597597596 57.70056834636043     0.0
0.476976976976977 57.64717664743215     0.0
0.477977977977978 57.59360021251875     0.0
0.47897897897897895 57.53983933682832     0.0
0.47997997997998 57.485894316585316     0.0
0.48098098098098097 57.4317654490288     0.0
0.481981981981982 57.3774530324108     0.0
0.482982982982983 57.322957365994796     0.0
0.48398398398398396 57.26827875005388     0.0
0.484984984984985 57.21341748586926     0.0
0.48598598598598597 57.15837387572856     0.0
0.486986986986987 57.103148222924105     0.0
0.487987987987988 57.047740831751256     0.0
0.488988988988989 56.99215200750683     0.0
0.48998998998999 59.24451281674787     2.308130760260597
0.49099099099099097 56.8804312859871     0.0
0.491991991991992 56.824300004297115     0.0
0.492992992992993 56.7679885207028     0.0
0.493993993993994 56.711497145482454     0.0
0.494994994994995 56.65482618990572     0.0
0.495995995995996 56.59797596623157     0.0
0.496996996996997 56.540946787706915     0.0
0.497997997997998 56.48373896856462     0.0
0.498998998998999 56.42635282402189     0.0
0.5 56.368788670278505     0.0
