-14.0 59.51089867379708     0.11273155798398307
-13.991991991991991 59.22673160051299     0.0
-13.983983983983984 59.0556416963297     0.0
-13.975975975975976 58.884896706516955     0.0
-13.967967967967969 58.7144959357333     0.0
-13.95995995995996 58.5444386900388     0.0
-13.951951951951951 58.37472427689275     0.0
-13.943943943943944 58.20535200515049     0.0
-13.935935935935936 58.03632118506066     0.0
-13.927927927927929 57.86763112826253     0.0
-13.91991991991992 57.699281147783     0.0
-13.911911911911911 57.531270558033896     0.0
-13.903903903903904 57.36359867480928     0.0
-13.895895895895896 56.9644394958313     -0.23182531945111612
-13.887887887887889 57.854884319680885     0.8256160216775833
-13.87987987987988 56.862608442895535     0.0
-13.871871871871871 54.64822148296147     -2.048063088292415
-13.863863863863864 56.320587652403454     -0.20970835333796883
-13.855855855855856 56.364642070386466     0.0
-13.847847847847849 50.288795204347664     -5.910526886232706
-13.83983983983984 56.03433539307426     0.0
-13.831831831831831 55.869681305976684     0.0
-13.823823823823824 55.70535915875067     0.0
-13.815815815815816 55.541368282210996     0.0
-13.807807807807809 55.37770800852151     0.0
-13.7997997997998 56.05211346458151     0.8377357933891041
-13.791791791791791 55.05137660507755     0.0
-13.783783783783784 54.888704146371765     0.0
-13.775775775775776 54.72635963260794     0.0
-13.767767767767769 54.56434240265472     0.0
-13.75975975975976 54.30668124535309     -0.09597055136018447
-13.751751751751751 54.24128715631517     0.0
-13.743743743743744 56.29644486553247     2.216197041213085
-13.735735735735735 53.91953314490959     0.0
-13.727727727727729 53.7591424635917     0.0
-13.71971971971972 53.599075127190915     0.0
-13.711711711711711 53.4393304838494     0.0
-13.703703703703704 53.279907883023355     0.0
-13.695695695695695 53.120806675480424     0.0
-13.687687687687689 52.962026213297236     0.0
-13.67967967967968 52.80356584985647     0.0
-13.671671671671671 52.645424939844446     0.0
-13.663663663663664 52.48760283924854     0.0
-13.655655655655655 52.33009890535415     0.0
-13.647647647647648 52.17291249674267     0.0
-13.63963963963964 52.01604297328841     0.0
-13.631631631631631 51.859489696156245     0.0
-13.623623623623624 51.70325202779895     0.0
-13.615615615615615 51.54732933195446     0.0
-13.607607607607608 51.39172097364359     0.0
-13.5995995995996 51.23642631916702     0.0
-13.591591591591591 51.081444736103165     0.0
-13.583583583583584 49.33435695512708     -1.5924186381782737
-13.575575575575575 50.7724182608992     0.0
-13.567567567567568 50.61837211028025     0.0
-13.55955955955956 50.464636514111234     0.0
-13.551551551551551 50.311210846319554     0.0
-13.543543543543544 50.15809448209488     0.0
-13.535535535535535 50.00528679788637     0.0
-13.527527527527528 49.85278717140035     0.0
-13.51951951951952 49.70059498159756     0.0
-13.511511511511511 49.54870960869087     0.0
-13.503503503503504 49.397130434142625     0.0
-13.495495495495495 49.24585684066196     0.0
-13.487487487487487 49.09488821220263     0.0
-13.47947947947948 48.944223933960345     0.0
-13.471471471471471 48.79386339237007     0.0
-13.463463463463464 48.643805975103916     0.0
-13.455455455455455 48.49405107106831     0.0
-13.447447447447447 48.34459807040163     0.0
-13.43943943943944 48.19544636447182     0.0
-13.431431431431431 48.04659534587368     0.0
-13.423423423423424 47.8980444084267     0.0
-13.415415415415415 47.74979294717224     0.0
-13.407407407407407 47.60184035837135     0.0
-13.3993993993994 47.454186039502275     0.0
-13.391391391391391 47.306829389257715     0.0
-13.383383383383384 47.1597698075428     0.0
-13.375375375375375 47.01300669547233     0.0
-13.367367367367367 46.86653945536851     0.0
-13.35935935935936 46.72036749075846     0.0
-13.35135135135135 46.57449020637172     0.0
-13.343343343343344 46.42890700813791     0.0
-13.335335335335335 46.28361730318426     0.0
-13.327327327327327 46.13862049983328     0.0
-13.31931931931932 45.993916007600305     0.0
-13.31131131131131 45.84950323719096     0.0
-13.303303303303304 44.49393659516812     -1.211445005330914
-13.295295295295295 45.56155051060375     0.0
-13.287287287287286 45.41800938176772     0.0
-13.27927927927928 45.27475762943432     0.0
-13.27127127127127 45.13179467022533     0.0
-13.263263263263264 44.98911992193875     0.0
-13.255255255255255 44.846732803546146     0.0
-13.247247247247246 44.704632735190515     0.0
-13.23923923923924 44.5628191381838     0.0
-13.23123123123123 44.421291435004534     0.0
-13.223223223223224 44.280049049295656     0.0
-13.215215215215215 44.13909140586185     0.0
-13.207207207207206 43.998417930667514     0.0
-13.1991991991992 43.858028050834335     0.0
-13.19119119119119 43.71792119463869     0.0
-13.183183183183184 43.57809679150979     0.0
-13.175175175175175 43.12588789851419     -0.3126663735127382
-13.167167167167166 43.299293067917446     0.0
-13.15915915915916 43.16031261205431     0.0
-13.15115115115115 43.02161233845372     0.0
-13.143143143143144 42.883191682273036     0.0
-13.135135135135135 42.74505007980811     0.0
-13.127127127127126 42.607186968491405     0.0
-13.11911911911912 42.469601786889484     0.0
-13.11111111111111 42.33229397470066     0.0
-13.103103103103104 42.1952629727529     0.0
-13.095095095095095 42.05850822300138     0.0
-13.087087087087086 41.92202916852632     0.0
-13.07907907907908 41.78582525353072     0.0
-13.07107107107107 41.64989592333794     0.0
-13.063063063063064 41.5142406243897     0.0
-13.055055055055055 41.37885880424356     0.0
-13.047047047047046 42.59746711413256     1.3537172025616595
-13.03903903903904 41.10891339615456     0.0
-13.03103103103103 39.7200164280931     -1.2543322807933615
-13.023023023023024 40.8400553017657     0.0
-13.015015015015015 40.70603262789602     0.0
-13.007007007007006 40.57228014148377     0.0
-12.998998998999 41.0748290586913     0.6360317608557116
-12.99099099099099 40.25031329583537     -0.055270257520803265
-12.982982982982984 40.17263836554612     0.0
-12.974974974974975 40.0399611929997     0.0
-12.966966966966966 39.90755149540264     0.0
-12.95895895895896 39.775408733529986     0.0
-12.95095095095095 39.36699950002578     -0.27653286921796494
-12.942942942942944 39.845177783198075     0.33325591770718566
-12.934934934934935 39.38057668630108     0.0
-12.926926926926926 39.249496296784386     0.0
-12.91891891891892 39.11868016312934     0.0
-12.91091091091091 38.98812775260055     0.0
-12.902902902902904 38.85783853353662     0.0
-12.894894894894895 38.72781197534799     0.0
-12.886886886886886 38.59804754851476     0.0
-12.87887887887888 38.468544724584504     0.0
-12.87087087087087 38.33930297617016     0.0
-12.862862862862864 38.21032177694792     0.0
-12.854854854854855 38.08160060165493     0.0
-12.846846846846846 37.95313892608736     0.0
-12.83883883883884 37.824936227098156     0.0
-12.83083083083083 37.69699198259484     0.0
-12.822822822822824 37.569305671537535     0.0
-12.814814814814815 37.44187677393673     0.0
-12.806806806806806 37.314704770851215     0.0
-12.7987987987988 37.18778914438603     0.0
-12.79079079079079 37.06112937769014     0.0
-12.782782782782784 36.93472495495466     0.0
-12.774774774774775 36.80857536141032     0.0
-12.766766766766766 36.68268008332583     0.0
-12.75875875875876 36.557038608005506     0.0
-12.75075075075075 36.431650423787204     0.0
-12.742742742742744 36.30651502004038     0.0
-12.734734734734735 36.1816318871638     0.0
-12.726726726726726 36.05700051658363     0.0
-12.71871871871872 35.932620400751354     0.0
-12.71071071071071 35.80849103314158     0.0
-12.702702702702704 35.68461190825015     0.0
-12.694694694694695 35.56098252159189     0.0
-12.686686686686686 35.43760236969876     0.0
-12.67867867867868 35.31447095011772     0.0
-12.67067067067067 35.1915877614085     0.0
-12.662662662662663 35.068952303141906     0.0
-12.654654654654655 34.94656407589749     0.0
-12.646646646646646 34.82442258126169     0.0
-12.63863863863864 34.702527321825734     0.0
-12.63063063063063 34.58087780118359     0.0
-12.622622622622623 34.45947352392996     0.0
-12.614614614614615 34.338313995658275     0.0
-12.606606606606606 34.21739872295875     0.0
-12.598598598598599 34.096727213416244     0.0
-12.59059059059059 34.27685750062057     0.3005585250122631
-12.582582582582583 33.85611351910326     0.0
-12.574574574574575 34.39253933306148     0.6563689786034217
-12.566566566566566 33.61646899321634     0.0
-12.558558558558559 33.497008947906565     0.0
-12.55055055055055 33.37778973203984     0.0
-12.542542542542543 33.25881086010808     0.0
-12.534534534534535 33.140071847581915     0.0
-12.526526526526526 33.02157221090887     0.0
-12.518518518518519 31.262889083361507     -1.6404223841497139
-12.51051051051051 32.38417129774486     -0.401117838039261
-12.502502502502503 32.667504735093694     0.0
-12.494494494494495 31.790521329945513     -0.7594364558293943
-12.486486486486486 32.43264780912983     0.0
-12.478478478478479 31.94556928824435     -0.3700050391812139
-12.47047047047047 32.19873686389225     0.0
-12.462462462462462 30.659291870366488     -1.4228430723547179
-12.454454454454455 31.96576808906302     0.0
-12.446446446446446 31.84963582902551     0.0
-12.438438438438439 30.171378513599056     -1.562359176072864
-12.43043043043043 31.618073199018838     0.0
-12.422422422422422 31.502641886034468     0.0
-12.414414414414415 31.38744328063651     0.0
-12.406406406406406 31.27247691369037     0.0
-12.398398398398399 31.157742317007283     0.0
-12.39039039039039 31.043239023342245     0.0
-12.382382382382382 29.851486924580453     -1.0774796418118173
-12.374374374374375 30.814924480794467     0.0
-12.366366366366366 30.70111230212403     0.0
-12.358358358358359 30.587529566892457     0.0
-12.35035035035035 30.474175812545603     0.0
-12.342342342342342 30.84864655975474     0.4875959822928524
-12.334334334334335 30.248153400950343     0.0
-12.326326326326326 30.135483823248663     0.0
-12.318318318318319 30.02304138552155     0.0
-12.31031031031031 29.910825629858543     0.0
-12.302302302302301 29.798836099272457     0.0
-12.294294294294295 29.68707233769736     0.0
-12.286286286286286 29.425851374289877     -0.14968251569679658
-12.278278278278279 29.46422030191149     0.0
-12.27027027027027 29.353131120158537     0.0
-12.262262262262261 29.242265892328412     0.0
-12.254254254254255 29.13162416693382     0.0
-12.246246246246246 29.021205493397574     0.0
-12.238238238238239 28.911009422050903     0.0
-12.23023023023023 28.801035504131505     0.0
-12.222222222222221 28.69128329178183     0.0
-12.214214214214214 28.581752338047217     0.0
-12.206206206206206 28.472442196873914     0.0
-12.198198198198199 28.363352423107592     0.0
-12.19019019019019 28.25448257249122     0.0
-12.182182182182181 28.145832201663445     0.0
-12.174174174174174 28.037400868156716     0.0
-12.166166166166166 27.929188130395467     0.0
-12.158158158158159 27.821193547694342     0.0
-12.15015015015015 27.713416680256387     0.0
-12.142142142142141 25.885125308724906     -1.720731780446412
-12.134134134134134 27.498514336413663     0.0
-12.126126126126126 27.391387984840982     0.0
-12.118118118118119 27.284477598192154     0.0
-12.11011011011011 27.177782741085508     0.0
-12.102102102102101 27.071302979017076     0.0
-12.094094094094094 26.775614765032177     -0.18942311332674974
-12.086086086086086 26.858987006357232     0.0
-12.078078078078079 26.75314993113065     0.0
-12.07007007007007 26.64752622166845     0.0
-12.062062062062061 26.542115447828863     0.0
-12.054054054054054 26.436917180337247     0.0
-12.046046046046046 26.331930990784336     0.0
-12.038038038038039 27.445144963270725     1.2179885116460811
-12.03003003003003 26.122593136174466     0.0
-12.022022022022021 26.018240618610385     0.0
-12.014014014014014 25.914098473967435     0.0
-12.006006006006006 25.810166278137316     0.0
-11.997997997997999 25.706443607866746     0.0
-11.98998998998999 27.00520447768369     1.4022744369279803
-11.981981981981981 25.499625155255764     0.0
-11.973973973973974 25.396528530668313     0.0
-11.965965965965966 25.293639747142812     0.0
-11.957957957957959 25.190958385675252     0.0
-11.94994994994995 25.08848402810616     0.0
-11.941941941941941 24.98621625711919     0.0
-11.933933933933934 24.88415465623929     0.0
-11.925925925925926 24.782298809830955     0.0
-11.917917917917919 24.68064830309666     0.0
-11.90990990990991 24.579202722075046     0.0
-11.901901901901901 24.477961653639355     0.0
-11.893893893893894 24.376924685495638     0.0
-11.885885885885886 24.276091406181102     0.0
-11.877877877877879 24.648356454462935     0.47289504940038535
-11.86986986986987 24.0750342723345     0.0
-11.861861861861861 23.974809599017725     0.0
-11.853853853853854 23.874786976957473     0.0
-11.845845845845846 19.41218303327206     -4.3627829655496875
-11.837837837837839 23.67534625809985     0.0
-11.82982982982983 23.575927349100475     0.0
-11.821821821821821 23.476708866950283     0.0
-11.813813813813814 23.522798459400928     0.1451080518088073
-11.805805805805806 23.27887156778339     0.0
-11.797797797797799 23.180251945094454     0.0
-11.78978978978979 23.016954300896465     -0.06487683701043825
-11.781781781781781 22.98360874541205     0.0
-11.773773773773774 22.885584367609248     0.0
-11.765765765765765 22.787757605304144     0.0
-11.757757757757759 22.69012806010727     0.0
-11.74974974974975 22.592695334432236     0.0
-11.741741741741741 22.49545903149417     0.0
-11.733733733733734 22.398418755308164     0.0
-11.725725725725725 22.30157411068756     0.0
-11.717717717717719 22.204924703242447     0.0
-11.70970970970971 22.108470139377914     0.0
-11.701701701701701 22.012210026292614     0.0
-11.693693693693694 21.916143971977043     0.0
-11.685685685685685 21.82027158521194     0.0
-11.677677677677679 24.14421217251425     2.4196196969474073
-11.66966966966967 21.629106253398277     0.0
-11.661661661661661 21.533812529848348     0.0
-11.653653653653654 21.4387109168431     0.0
-11.645645645645645 21.343801027090883     0.0
-11.637637637637638 21.24908247408085     0.0
-11.62962962962963 21.15455487208132     0.0
-11.621621621621621 21.06021783613828     0.0
-11.613613613613614 20.966070982073795     0.0
-11.605605605605605 20.872113926484353     0.0
-11.597597597597598 20.77834628673947     0.0
-11.58958958958959 20.68476768097991     0.0
-11.581581581581581 20.591377728116377     0.0
-11.573573573573574 20.49817604782784     0.0
-11.565565565565565 20.405162260559884     0.0
-11.557557557557558 20.312335987523397     0.0
-11.54954954954955 20.219696850692813     0.0
-11.541541541541541 20.86624634958835     0.7390018767836555
-11.533533533533534 20.034978477356155     0.0
-11.525525525525525 19.942898488603312     0.0
-11.517517517517518 19.85100413155982     0.0
-11.50950950950951 19.759295031995244     0.0
-11.501501501501501 19.667770816433638     0.0
-11.493493493493494 19.576431112151994     0.0
-11.485485485485485 19.485275547178603     0.0
-11.477477477477477 19.394303750291748     0.0
-11.46946946946947 19.303515351018085     0.0
-11.461461461461461 19.212909979631064     0.0
-11.453453453453454 19.122487267149573     0.0
-11.445445445445445 19.032246845336303     0.0
-11.437437437437437 18.94218834669637     0.0
-11.42942942942943 18.852311404475685     0.0
-11.421421421421421 18.762615652659548     0.0
-11.413413413413414 18.67310072597119     0.0
-11.405405405405405 18.583766259870146     0.0
-11.397397397397397 18.49461189055092     0.0
-11.38938938938939 18.40563725494149     0.0
-11.381381381381381 18.316841990701626     0.0
-11.373373373373374 18.228225736221717     0.0
-11.365365365365365 18.139788130621064     0.0
-11.357357357357357 18.051528813746543     0.0
-11.34934934934935 17.963447426171115     0.0
-11.34134134134134 17.87554360919227     0.0
-11.333333333333334 17.787817004830664     0.0
-11.325325325325325 17.700267255828642     0.0
-11.317317317317316 17.612894005648762     0.0
-11.30930930930931 17.525696898472425     0.0
-11.3013013013013 17.438675579198225     0.0
-11.293293293293294 17.35182969344075     0.0
-11.285285285285285 17.26515888752897     0.0
-11.277277277277276 17.178662808504846     0.0
-11.26926926926927 17.092341104121928     0.0
-11.26126126126126 17.05664508908454     0.050451666240690675
-11.253253253253254 16.920219413842993     0.0
-11.245245245245245 17.537093379975133     0.7026746529762212
-11.237237237237236 16.748791012897115     0.0
-11.22922922922923 16.66333592282742     0.0
-11.22122122122122 18.524664766529945     1.946611657747263
-11.213213213213214 16.492942223457362     0.0
-11.205205205205205 16.408002920246     0.0
-11.197197197197196 16.32323485324197     0.0
-11.18918918918919 16.238637677235985     0.0
-11.18118118118118 16.154211047714625     0.0
-11.173173173173174 16.069954620859058     0.0
-11.165165165165165 15.985868053543555     0.0
-11.157157157157156 15.901951003334148     0.0
-11.14914914914915 15.81820312848722     0.0
-11.14114114114114 15.734624087948056     0.0
-11.133133133133134 15.651213541349584     0.0
-11.125125125125125 15.567971149010766     0.0
-11.117117117117116 15.4848965719355     0.0
-11.10910910910911 12.539897584234614     -2.8620918875764136
-11.1011011011011 15.319249511006618     0.0
-11.093093093093094 15.236676352572232     0.0
-11.085085085085085 15.15426966023707     0.0
-11.077077077077076 15.072029098408308     0.0
-11.06906906906907 14.989954332169617     0.0
-11.06106106106106 14.908045027279854     0.0
-11.053053053053054 14.82630085017177     0.0
-11.045045045045045 14.744721467950484     0.0
-11.037037037037036 15.033300624883996     0.36999407649170396
-11.02902902902903 14.582055759943287     0.0
-11.02102102102102 14.500968771717815     0.0
-11.013013013013014 14.420045253497442     0.0
-11.005005005005005 14.339284875729348     0.0
-10.996996996996996 14.25868730952515     0.0
-10.98898898898899 14.178252226659481     0.0
-10.98098098098098 14.097979299568635     0.0
-10.972972972972974 14.017868201349344     0.0
-10.964964964964965 13.937918605757247     0.0
-10.956956956956956 13.85813018720581     0.0
-10.94894894894895 13.77850262076484     0.0
-10.94094094094094 13.699035582159148     0.0
-10.932932932932934 17.63950269376659     4.01977394599923
-10.924924924924925 13.540581794620444     0.0
-10.916916916916916 13.461594400400493     0.0
-10.90890890890891 13.38276624343942     0.0
-10.9009009009009 13.304097002717562     0.0
-10.892892892892894 13.225586357862483     0.0
-10.884884884884885 13.147233989147537     0.0
-10.876876876876876 13.069039577490734     0.0
-10.86886886886887 12.99100280445328     0.0
-10.86086086086086 12.913123352238344     0.0
-10.852852852852854 12.835400903689838     0.0
-10.844844844844845 12.757835142290965     0.0
-10.836836836836836 12.46580394226127     -0.2146218099018258
-10.82882882882883 12.603172418064382     0.0
-10.82082082082082 12.526074825388477     0.0
-10.812812812812814 12.4491326601633     0.0
-10.804804804804805 12.372345609049695     0.0
-10.796796796796796 12.29571335934024     0.0
-10.78878878878879 12.219235598957923     0.0
-10.78078078078078 11.840891667861452     -0.30202034859337784
-10.772772772772774 12.066742301010997     0.0
-10.764764764764765 11.990726142432948     0.0
-10.756756756756756 11.914863231152658     0.0
-10.74874874874875 11.839153258226176     0.0
-10.74074074074074 11.763595915332303     0.0
-10.732732732732734 11.688190894771502     0.0
-10.724724724724725 11.612937889464476     0.0
-10.716716716716716 11.537836592951066     0.0
-10.70870870870871 11.462886699388868     0.0
-10.7007007007007 11.38808790355207     0.0
-10.692692692692694 7.317164329858481     -3.9962755709717444
-10.684684684684685 12.116210017582869     0.8772676303559486
-10.676676676676676 11.16459505935864     0.0
-10.66866866866867 11.090397614453487     0.0
-10.66066066066066 11.016349750349882     0.0
-10.652652652652653 10.942451165495477     0.0
-10.644644644644645 10.868701558945794     0.0
-10.636636636636636 10.79510063036308     0.0
-10.62862862862863 10.721648080015072     0.0
-10.62062062062062 10.648343608773722     0.0
-10.612612612612613 12.186117279335534     1.6109303612214627
-10.604604604604605 10.502177710112903     0.0
-10.596596596596596 10.429315687447684     0.0
-10.588588588588589 10.35660055339526     0.0
-10.58058058058058 10.284032011830632     0.0
-10.572572572572573 10.211609767225845     0.0
-10.564564564564565 10.139333524648663     0.0
-10.556556556556556 10.06720298976144     0.0
-10.548548548548549 9.995217868819957     0.0
-10.54054054054054 9.923377868672112     0.0
-10.532532532532533 9.851682696756846     0.0
-10.524524524524525 9.19945346728376     -0.5806785938191008
-10.516516516516516 9.708725670327489     0.0
-10.508508508508509 9.637463233635515     0.0
-10.5005005005005 9.56634446081786     0.0
-10.492492492492492 9.49536906225061     0.0
-10.484484484484485 9.424536748893694     0.0
-10.476476476476476 9.35384723228971     0.0
-10.468468468468469 9.283300224562815     0.0
-10.46046046046046 9.212895438417519     0.0
-10.452452452452452 9.142632587137477     0.0
-10.444444444444445 9.072511384584416     0.0
-10.436436436436436 9.002531545196852     0.0
-10.428428428428429 8.932692783989062     0.0
-10.42042042042042 8.862994816549758     0.0
-10.412412412412412 8.793437359041121     0.0
-10.404404404404405 8.724020128197466     0.0
-10.396396396396396 8.960898835752594     0.30615599442841634
-10.388388388388389 8.585605216296592     0.0
-10.38038038038038 8.516606971558758     0.0
-10.372372372372372 8.44774782612236     0.0
-10.364364364364365 8.37902749956556     0.0
-10.356356356356356 8.310445712031822     0.0
-10.348348348348349 8.242002184228802     0.0
-10.34034034034034 8.173696637427184     0.0
-10.332332332332332 8.105528793459612     0.0
-10.324324324324325 8.037498374719512     0.0
-10.316316316316316 7.969605104159882     0.0
-10.308308308308309 7.901848705292359     0.0
-10.3003003003003 7.834228902185849     0.0
-10.292292292292291 7.7667454194656145     0.0
-10.284284284284285 7.699397982312071     0.0
-10.276276276276276 7.632186316459624     0.0
-10.268268268268269 7.565110148195622     0.0
-10.26026026026026 7.498169204359193     0.0
-10.252252252252251 7.43136321234018     0.0
-10.244244244244245 7.1692296846189505     -0.1954622154590352
-10.236236236236236 7.298154996060454     0.0
-10.228228228228229 7.231752229322872     0.0
-10.22022022022022 7.165483329446694     0.0
-10.212212212212211 7.099348026558594     0.0
-10.204204204204204 7.033346051329332     0.0
-10.196196196196196 6.967477134972512     0.0
-10.188188188188189 6.901741009243743     0.0
-10.18018018018018 6.83613740643932     0.0
-10.172172172172171 6.770666059395261     0.0
-10.164164164164164 6.705326701486193     0.0
-10.156156156156156 6.640119066624216     0.0
-10.148148148148149 6.575042889257922     0.0
-10.14014014014014 5.808062363594746     -0.7020355407764118
-10.132132132132131 6.445283847482109     0.0
-10.124124124124124 6.380600454642149     0.0
-10.116116116116116 6.316047462434728     0.0
-10.108108108108109 6.251624607974389     0.0
-10.1001001001001 6.187331628905607     0.0
-10.092092092092091 6.123168263401766     0.0
-10.084084084084084 5.070874257448789     -0.9882599927153276
-10.076076076076076 5.9952293284206455     0.0
-10.068068068068069 5.931453237925094     0.0
-10.06006006006006 5.867805718955811     0.0
-10.052052052052051 5.844992489955881     0.04070597764111297
-10.044044044044044 5.7408953593264975     0.0
-10.036036036036036 5.677632001836937     0.0
-10.028028028028029 5.6144961822125445     0.0
-10.02002002002002 5.551487643339101     0.0
-10.012012012012011 5.4886061286207735     0.0
-10.004004004004004 5.425851381979005     0.0
-9.995995995995996 5.363223147851478     0.0
-9.987987987987989 5.3007211711910855     0.0
-9.97997997997998 5.238345197464884     0.0
-9.971971971971971 5.176094972653097     0.0
-9.963963963963964 5.113970243248026     0.0
-9.955955955955956 5.051970756253031     0.0
-9.947947947947949 4.990096259181541     0.0
-9.93993993993994 4.928346500055937     0.0
-9.931931931931931 4.866721227406629     0.0
-9.923923923923924 4.80522019027099     0.0
-9.915915915915916 4.743843138192293     0.0
-9.907907907907909 4.6825898212187695     0.0
-9.8998998998999 4.6214599899024975     0.0
-9.891891891891891 4.560453395298499     0.0
-9.883883883883884 4.499569788963623     0.0
-9.875875875875876 4.43880892295557     0.0
-9.867867867867869 4.378170549831925     0.0
-9.85985985985986 4.3176544226490705     0.0
-9.851851851851851 4.25726029496127     0.0
-9.843843843843844 4.196987920819602     0.0
-9.835835835835836 4.136837054770915     0.0
-9.827827827827829 4.076807451856983     0.0
-9.81981981981982 4.016898867613335     0.0
-9.811811811811811 3.957111058068378     0.0
-9.803803803803804 3.897443779742364     0.0
-9.795795795795796 3.837896789646358     0.0
-9.787787787787789 5.3224381475255385     1.543968302244199
-9.77977977977978 3.719162704637096     0.0
-9.771771771771771 3.6599751261913553     0.0
-9.763763763763764 3.600906868908748     0.0
-9.755755755755755 3.5419576922397944     0.0
-9.747747747747749 3.483127356120008     0.0
-9.73973973973974 3.424415620968823     0.0
-9.731731731731731 3.3658222476886657     0.0
-9.723723723723724 3.3073469976640197     0.0
-9.715715715715715 3.2489896327603596     0.0
-9.707707707707709 3.190749915323302     0.0
-9.6996996996997 3.13262760817749     0.0
-9.691691691691691 3.0746224746257695     0.0
-9.683683683683684 3.0167342784481797     0.0
-9.675675675675675 2.9589627839008728     0.0
-9.667667667667668 2.9013077557153686     0.0
-9.65965965965966 2.843768959097421     0.0
-9.651651651651651 2.786346159726147     0.0
-9.643643643643644 2.729039123753065     0.0
-9.635635635635635 2.671847617801099     0.0
-9.627627627627628 2.6147714089636622     0.0
-9.61961961961962 2.5578102648037024     0.0
-9.611611611611611 -3.4958773962555254     -5.996841349608302
-9.603603603603604 2.4442322431100862     0.0
-9.595595595595595 2.387614903041502     0.0
-9.587587587587588 2.3311117025786885     0.0
-9.57957957957958 2.2747224116181144     0.0
-9.571571571571571 2.2184468005201268     0.0
-9.563563563563564 2.162284640108055     0.0
-9.555555555555555 2.1062357016672024     0.0
-9.547547547547548 2.050299756944     0.0
-9.53953953953954 1.9944765781449867     0.0
-9.531531531531531 1.9387659379359903     0.0
-9.523523523523524 1.8831676094410774     0.0
-9.515515515515515 1.8276813662417197     0.0
-9.507507507507508 1.7723069823758628     0.0
-9.4994994994995 1.7170442323369492     0.0
-9.491491491491491 1.6618928910730766     0.0
-9.483483483483484 1.6068527339860452     0.0
-9.475475475475475 1.5519235369303814     0.0
-9.467467467467467 1.4971050762125486     0.0
-9.45945945945946 1.4423971285899597     0.0
-9.451451451451451 1.387799471270057     0.0
-9.443443443443444 1.333311881909463     0.0
-9.435435435435435 1.6455102586217327     0.36657612000874
-9.427427427427427 1.2246660199328616     0.0
-9.41941941941942 1.1705073048676695     0.0
-9.411411411411411 1.1164577728615583     0.0
-9.403403403403404 1.0625172038033348     0.0
-9.395395395395395 1.0086853780255112     0.0
-9.387387387387387 0.9549620763034703     0.0
-9.37937937937938 0.9013470798545598     0.0
-9.37137137137137 0.8478401703371325     0.0
-9.363363363363364 0.7944411298497798     0.0
-9.355355355355355 0.7411497409303252     0.0
-9.347347347347347 0.6879657865550364     0.0
-9.33933933933934 0.6348890501376836     0.0
-9.33133133133133 0.5819193155286442     0.0
-9.323323323323324 0.5290563670141104     0.0
-9.315315315315315 0.4762999893150628     0.0
-9.307307307307306 0.4236499675865524     0.0
-9.2992992992993 0.371106087416738     0.0
-9.29129129129129 0.3186681348259981     0.0
-9.283283283283284 0.26633589626614906     0.0
-9.275275275275275 0.21410915861945767     0.0
-9.267267267267266 0.16198770919784877     0.0
-9.25925925925926 0.10997133574205264     0.0
-9.25125125125125 0.05805982642066709     0.0
-9.243243243243244 0.006252969829386501     0.0
-9.235235235235235 -0.045449445009964506     0.0
-9.227227227227226 -0.09704762865018068     0.0
-9.21921921921922 -0.14854179121959632     0.0
-9.21121121121121 -0.19993214242297697     0.0
-9.203203203203204 0.21288184802574878     0.46410073956801073
-9.195195195195195 -0.30240224743753075     0.0
-9.187187187187186 -0.3534824185477774     0.0
-9.17917917917918 -0.40445961289177745     0.0
-9.17117117117117 -0.45533403806897965     0.0
-9.163163163163164 -0.5061059012602911     0.0
-9.155155155155155 -0.5567754092289583     0.0
-9.147147147147146 -0.6073427683213879     0.0
-9.13913913913914 -0.6578081844679744     0.0
-9.13113113113113 -0.7081718631840204     0.0
-9.123123123123124 -0.7584340095704398     0.0
-9.115115115115115 -0.14721710382267938     0.6613777244920417
-9.107107107107106 -0.8586545236916905     0.0
-9.0990990990991 -0.9086132995643439     0.0
-9.09109109109109 -0.9584713593847205     0.0
-9.083083083083084 0.9892641731787324     1.9974930793734027
-9.075075075075075 -2.723553937858937     -1.6656677952321877
-9.067067067067066 -1.1074432709049766     0.0
-9.05905905905906 -1.1569004928457218     0.0
-9.05105105105105 -1.2062580098584803     0.0
-9.043043043043044 -1.2555160229467006     0.0
-9.035035035035035 -1.3046747327086408     0.0
-9.027027027027026 -1.3537343393381214     0.0
-9.01901901901902 -1.4026950426253713     0.0
-9.01101101101101 -2.2769310985474087     -0.8253740565894933
-9.003003003003004 -1.500320536321226     0.0
-8.994994994994995 -1.5489857242996905     0.0
-8.986986986986986 -1.5975528040773206     0.0
-8.97897897897898 -1.6460219734385824     0.0
-8.97097097097097 -0.03448237754135808     1.6599110522278984
-8.962962962962964 -1.7426673700571342     0.0
-8.954954954954955 -1.790843990892963     0.0
-8.946946946946946 -1.8389234884710994     0.0
-8.93893893893894 -1.8869060585903874     0.0
-8.93093093093093 -1.9347918966549784     0.0
-8.922922922922924 -1.9825811976750458     0.0
-8.914914914914915 -2.030274156267655     0.0
-8.906906906906906 -2.077870966657539     0.0
-8.8988988988989 -2.1253718226778346     0.0
-8.89089089089089 -2.1727769177709533     0.0
-8.882882882882884 -2.220086444989299     0.0
-8.874874874874875 -2.2673005969961153     0.0
-8.866866866866866 -2.3144195660662206     0.0
-8.85885885885886 -2.3614435440867965     0.0
-8.85085085085085 -2.408372722558237     0.0
-8.842842842842844 -2.4552072925948067     0.0
-8.834834834834835 -2.501947444925552     0.0
-8.826826826826826 -2.5485933698949594     0.0
-8.81881881881882 -1.9133376497085637     0.6818076077552383
-8.81081081081081 -2.6416032972098975     0.0
-8.802802802802804 -2.6879676783288957     0.0
-8.794794794794795 -3.2842503769754545     -0.5500117873404421
-8.786786786786786 -2.7804162195618076     0.0
-8.77877877877878 -2.8265007561629716     0.0
-8.77077077077077 -2.872492387113102     0.0
-8.762762762762764 -2.918391299708407     0.0
-8.754754754754755 -2.9641976808675388     0.0
-8.746746746746746 -3.009911717132333     0.0
-8.73873873873874 -3.055533594668521     0.0
-8.73073073073073 -3.101063499266573     0.0
-8.722722722722724 -7.930072457007529     -4.783570840665173
-8.714714714714715 -1.9982023809254774     1.1936457500125317
-8.706706706706706 -3.2371032277225567     0.0
-8.6986986986987 -3.2822670909927893     0.0
-8.69069069069069 -3.3273399046739414     0.0
-8.682682682682684 -3.372321852320443     0.0
-8.674674674674675 -3.417213117116699     0.0
-8.666666666666666 -3.462013881877809     0.0
-8.65865865865866 -3.5067243290503143     0.0
-8.65065065065065 -3.551344640712962     0.0
-8.642642642642643 -3.595874998577422     0.0
-8.634634634634635 -3.64031558398905     0.0
-8.626626626626626 -3.6846665779275973     0.0
-8.618618618618619 -3.728928161007957     0.0
-8.61061061061061 -3.77310051348093     0.0
-8.602602602602603 -3.8171838152338964     0.0
-8.594594594594595 -3.8611782457916455     0.0
-8.586586586586586 -3.9050839843169953     0.0
-8.578578578578579 -3.9489012096115808     0.0
-8.57057057057057 -3.992630100116614     0.0
-8.562562562562563 -4.0362708339135125     0.0
-8.554554554554555 -0.44641554969540165     3.6334080390293377
-8.546546546546546 -4.123288541914459     0.0
-8.538538538538539 -4.16666587048924     0.0
-8.53053053053053 -4.209955751098857     0.0
-8.522522522522523 -3.183330541695142     1.0698278183417713
-8.514514514514515 -4.29627387324166     0.0
-8.506506506506506 -4.339302466296608     0.0
-8.498498498498499 -4.382244314431308     0.0
-8.49049049049049 -4.425099592522098     0.0
-8.482482482482482 -4.467868475092715     0.0
-8.474474474474475 -3.066254148721163     1.4442969875938954
-8.466466466466466 -4.553147750009941     0.0
-8.458458458458459 -4.595658489647711     0.0
-8.45045045045045 -4.638083528349032     0.0
-8.442442442442442 -4.680423038885564     0.0
-8.434434434434435 -4.7226771936806315     0.0
-8.426426426426426 -4.764846164809985     0.0
-8.418418418418419 -4.806930124002452     0.0
-8.41041041041041 -4.848929242640683     0.0
-8.402402402402402 -4.890843691761802     0.0
-8.394394394394395 -4.932673642058109     0.0
-8.386386386386386 -4.974419263877859     0.0
-8.378378378378379 -5.016080727225809     0.0
-8.37037037037037 -5.0576582017640455     0.0
-8.362362362362362 -5.099151856812583     0.0
-8.354354354354355 -5.1405618613501005     0.0
-8.346346346346346 -5.1818883840146235     0.0
-8.338338338338339 -5.223131593104213     0.0
-8.33033033033033 -5.26429165657764     0.0
-8.322322322322321 -5.305368742055059     0.0
-8.314314314314315 -5.34636301681871     0.0
-8.306306306306306 -5.387274647813612     0.0
-8.298298298298299 -5.428103801648199     0.0
-8.29029029029029 -5.468850644595047     0.0
-8.282282282282281 -5.509515342591534     0.0
-8.274274274274275 -5.5500980612404796     0.0
-8.266266266266266 -5.590598965810887     0.0
-8.258258258258259 -5.631018221238545     0.0
-8.25025025025025 -5.671355992126774     0.0
-8.242242242242241 -5.711612442747011     0.0
-8.234234234234235 -5.751787737039564     0.0
-8.226226226226226 -5.7918820386142364     0.0
-8.218218218218219 -5.831895510750961     0.0
-8.21021021021021 -5.871828316400546     0.0
-8.202202202202201 -5.911680618185265     0.0
-8.194194194194194 -8.142143260499843     -2.1906906821002927
-8.186186186186186 -5.991144359010665     0.0
-8.178178178178179 -6.030756121659337     0.0
-8.17017017017017 -6.0702880276604425     0.0
-8.162162162162161 -7.214370632918718     -1.1046303949150797
-8.154154154154154 -6.149112913354017     0.0
-8.146146146146146 -6.188406214052804     0.0
-8.138138138138139 -6.2276203001179375     0.0
-8.13013013013013 -6.266755331244823     0.0
-8.122122122122121 -6.305811466806869     0.0
-8.114114114114114 -6.344788865856199     0.0
-8.106106106106106 -6.383687687124318     0.0
-8.098098098098099 -6.422508089022692     0.0
-8.09009009009009 -6.461250229643461     0.0
-8.082082082082081 -8.184119903812967     -1.6842056370529115
-8.074074074074074 -6.538500357827807     0.0
-8.066066066066066 -6.57700865998466     0.0
-8.058058058058059 -6.615439330051732     0.0
-8.05005005005005 -6.65379252453403     0.0
-8.042042042042041 -6.692068399621014     0.0
-8.034034034034034 -6.730267111187281     0.0
-8.026026026026026 -6.768388814793216     0.0
-8.018018018018019 -6.8064336656855495     0.0
-8.01001001001001 -6.8444018187980795     0.0
-8.002002002002001 -6.882293428752227     0.0
-7.993993993993994 -6.92010864985771     0.0
-7.985985985985986 -6.957847636113165     0.0
-7.977977977977978 -6.995510541206784     0.0
-7.96996996996997 -7.03309751851689     0.0
-7.961961961961962 -7.0706087211126345     0.0
-7.953953953953954 -7.10804430175455     0.0
-7.945945945945946 -7.145404412895239     0.0
-7.937937937937938 -7.182689206679935     0.0
-7.92992992992993 -7.21989883494718     0.0
-7.921921921921922 -7.257033449229368     0.0
-7.913913913913914 -2.2774406964549634     5.016652504298488
-7.905905905905906 -7.331078240441492     0.0
-7.897897897897898 -7.367988718911292     0.0
-7.88988988988989 -9.395798814477137     -1.990974028000137
-7.881881881881882 -7.441586593149761     0.0
-7.873873873873874 -7.852108785882449     -0.37383449724415996
-7.865865865865866 -7.514888022349478     0.0
-7.857857857857858 -7.551427943389037     0.0
-7.84984984984985 -7.587894200562058     0.0
-7.841841841841842 -7.624286942373665     0.0
-7.833833833833834 -7.6606063170296     0.0
-7.8258258258258255 -7.696852472436802     0.0
-7.817817817817818 -7.733025556204044     0.0
-7.80980980980981 -7.769125715642527     0.0
-7.801801801801802 -7.805153097766485     0.0
-7.793793793793794 -7.841107849293742     0.0
-7.7857857857857855 -7.876990116646372     0.0
-7.777777777777778 -7.9128000459512435     0.0
-7.76976976976977 -7.948537783040653     0.0
-7.761761761761762 -7.984203473452887     0.0
-7.753753753753754 -8.019797262432832     0.0
-7.7457457457457455 -8.055319294932588     0.0
-7.737737737737738 -8.09076971561198     0.0
-7.72972972972973 -8.126148668839267     0.0
-7.721721721721722 -8.161456298691604     0.0
-7.713713713713713 -8.196692748955737     0.0
-7.7057057057057055 -8.2318581631285     0.0
-7.697697697697698 -8.266952684417475     0.0
-7.68968968968969 -8.30197645574151     0.0
-7.681681681681682 -8.336929619731357     0.0
-7.673673673673673 -8.371812318730214     0.0
-7.665665665665665 -8.406624694794314     0.0
-7.657657657657658 -8.441366889693501     0.0
-7.64964964964965 -8.47603904491184     0.0
-7.641641641641642 -8.510641301648146     0.0
-7.633633633633633 -8.545173800816578     0.0
-7.625625625625625 -8.57963668304723     0.0
-7.617617617617618 -8.614030088686665     0.0
-7.60960960960961 -8.64835415779853     0.0
-7.601601601601602 -8.682609030164109     0.0
-7.593593593593593 -8.716794845282866     0.0
-7.585585585585585 -5.765431187329624     2.985480555043421
-7.5775775775775776 -8.784959860372243     0.0
-7.56956956956957 -8.818939337937955     0.0
-7.561561561561562 -8.85285031344813     0.0
-7.553553553553553 -8.886692925001768     0.0
-7.545545545545545 -8.92046731041945     0.0
-7.5375375375375375 -8.200458009414547     0.7537155978293811
-7.52952952952953 -8.98781195274065     0.0
-7.521521521521522 -9.899307451160333     -0.8779249672619751
-7.513513513513513 -9.05488533742962     0.0
-7.505505505505505 -9.088320649771386     0.0
-7.4974974974974975 -9.12168855708557     0.0
-7.48948948948949 -9.154989195259564     0.0
-7.481481481481482 -9.188222699906824     0.0
-7.473473473473473 -9.221389206367423     0.0
-7.465465465465465 -9.254488849708569     0.0
-7.4574574574574575 -9.287521764725184     0.0
-7.44944944944945 -9.32048808594045     0.0
-7.441441441441442 -9.353387947606365     0.0
-7.433433433433433 -9.38622148370425     0.0
-7.425425425425425 -9.41898882794533     0.0
-7.4174174174174174 -9.451690113771285     0.0
-7.40940940940941 -9.484325474354772     0.0
-7.401401401401402 -9.516895042599963     0.0
-7.393393393393393 -9.549398951143111     0.0
-7.385385385385385 -9.581837332353068     0.0
-7.377377377377377 -10.666567000915373     -1.0523566825835373
-7.36936936936937 -9.646518040915112     0.0
-7.361361361361362 -9.67876063167279     0.0
-7.353353353353353 -9.710938221909547     0.0
-7.345345345345345 -9.74305094266533     0.0
-7.337337337337337 -9.775098924715932     0.0
-7.32932932932933 -9.807082298573484     0.0
-7.321321321321322 -9.839001194487022     0.0
-7.313313313313313 -9.870855742443004     0.0
-7.305305305305305 -9.902646072165822     0.0
-7.297297297297297 -9.934372313118354     0.0
-7.2892892892892895 -9.966034594502485     0.0
-7.281281281281282 -12.131452640137226     -2.1338195948775875
-7.273273273273273 -10.02916779407127     0.0
-7.265265265265265 -10.060638969359445     0.0
-7.257257257257257 -10.092046699287305     0.0
-7.2492492492492495 -10.123391111759636     0.0
-7.241241241241241 -10.154672334423374     0.0
-7.233233233233233 -10.185890494668097     0.0
-7.225225225225225 -10.217045719626583     0.0
-7.217217217217217 -10.248138136175312     0.0
-7.2092092092092095 -10.27916787093499     0.0
-7.201201201201201 -8.609238808502525     1.7008962417685187
-7.193193193193193 -10.341039800294148     0.0
-7.185185185185185 -11.835468719292917     -1.46358647243216
-7.177177177177177 -10.4026625155736     0.0
-7.1691691691691695 -10.433380731782165     0.0
-7.161161161161161 -10.464037020583275     0.0
-7.153153153153153 -10.494631506821529     0.0
-7.145145145145145 -10.52516431508986     0.0
-7.137137137137137 -10.555635569730027     0.0
-7.129129129129129 -10.586045394833098     0.0
-7.121121121121121 -10.616393914239994     0.0
-7.113113113113113 -10.64668125154196     0.0
-7.105105105105105 -10.676907530081102     0.0
-7.097097097097097 -12.687011956518438     -1.9799390835675907
-7.089089089089089 -10.737177402996485     0.0
-7.081081081081081 -10.767221242815658     0.0
-7.073073073073073 -10.79720451475883     0.0
-7.065065065065065 -10.827127340929819     0.0
-7.057057057057057 -10.856989843186287     0.0
-7.049049049049049 -10.886792143140244     0.0
-7.041041041041041 -10.916534362158501     0.0
-7.033033033033033 -10.946216621363233     0.0
-7.025025025025025 -10.9758390416324     0.0
-7.017017017017017 -11.005401743600297     0.0
-7.009009009009009 -11.03490484765802     0.0
-7.001001001001001 -11.064348473953949     0.0
-6.992992992992993 -11.093732742394247     0.0
-6.984984984984985 -11.12305777264336     0.0
-6.976976976976977 -11.152323684124488     0.0
-6.968968968968969 -7.141816106511889     4.039714489508174
-6.960960960960961 -11.210678627272268     0.0
-6.952952952952953 -11.239767896583485     0.0
-6.944944944944945 -11.2687985224168     0.0
-6.936936936936937 -11.297770622996476     0.0
-6.928928928928929 -11.326684316308446     0.0
-6.920920920920921 -11.355539720100781     0.0
-6.912912912912913 -11.384336951884162     0.0
-6.904904904904905 -11.41307612893239     0.0
-6.896896896896897 -11.44175736828283     0.0
-6.888888888888889 -11.470380786736913     0.0
-6.880880880880881 -11.498946500860592     0.0
-6.872872872872873 -9.963062150805339     1.5643924761794863
-6.864864864864865 -11.55590528120605     0.0
-6.856856856856857 -11.584298579386655     0.0
-6.848848848848849 -11.612634637155463     0.0
-6.8408408408408405 -11.640913569908175     0.0
-6.832832832832833 -11.669135492807861     0.0
-6.824824824824825 -11.697300520785431     0.0
-6.816816816816817 -11.72540876854009     0.0
-6.808808808808809 -11.753460350539811     0.0
-6.8008008008008005 -11.781455381021813     0.0
-6.792792792792793 -11.809393973992991     0.0
-6.784784784784785 -11.837276243230423     0.0
-6.776776776776777 -11.865102302281814     0.0
-6.768768768768769 -11.892872264465947     0.0
-6.7607607607607605 -11.92058624287317     0.0
-6.752752752752753 -11.948244350365835     0.0
-6.744744744744745 -11.97584669957876     0.0
-6.736736736736737 -12.00339340291971     0.0
-6.728728728728728 -12.030884572569816     0.0
-6.7207207207207205 -12.058320320484071     0.0
-6.712712712712713 -12.085700758391766     0.0
-6.704704704704705 -12.113025997796935     0.0
-6.696696696696697 -12.140296149978841     0.0
-6.688688688688688 -12.167511325992399     0.0
-6.68068068068068 -12.194671636668632     0.0
-6.672672672672673 -12.221777192615145     0.0
-6.664664664664665 -12.248828104216553     0.0
-6.656656656656657 -12.275824481634928     0.0
-6.648648648648648 -12.302766434810282     0.0
-6.64064064064064 -12.329654073460958     0.0
-6.632632632632633 -12.356487507084134     0.0
-6.624624624624625 -12.383266844956228     0.0
-6.616616616616617 -14.817023481346908     -2.4070312852135354
-6.608608608608608 -12.436663669451834     0.0
-6.6006006006006 -12.463281373528464     0.0
-6.592592592592593 -12.489845416761156     0.0
-6.584584584584585 -12.51635590732927     0.0
-6.576576576576577 -12.542812953194073     0.0
-6.568568568568568 -12.569216662099192     0.0
-6.56056056056056 -14.40918721187832     -1.8136200703072778
-6.5525525525525525 -11.615608981825966     1.0062555170932919
-6.544544544544545 -13.698225692621952     -1.0501168513847912
-6.536536536536537 -12.674300275402148     0.0
-6.528528528528528 -12.700438908076174     0.0
-6.52052052052052 -12.726524845706155     0.0
-6.5125125125125125 -12.752558194524411     0.0
-6.504504504504505 -12.77853906054911     0.0
-6.496496496496497 -12.804467549584668     0.0
-6.488488488488488 -12.830343767222232     0.0
-6.48048048048048 -12.856167818840047     0.0
-6.4724724724724725 -12.285959327387232     0.5959804822167047
-6.464464464464465 -12.907659844467709     0.0
-6.456456456456457 -12.933328028173586     0.0
-6.448448448448448 -12.95894446525263     0.0
-6.44044044044044 -14.79529250212282     -1.810783242097652
-6.4324324324324325 -13.01002251660122     0.0
-6.424424424424425 -17.92290974128533     -4.8874254024044035
-6.416416416416417 -13.060894830554966     0.0
-6.408408408408408 -9.569206171186028     3.5170479239189496
-6.4004004004004 -13.111562235803978     0.0
-6.392392392392392 -13.13681935571679     0.0
-6.384384384384385 -13.162025557700465     0.0
-6.376376376376377 -13.187180944404695     0.0
-6.368368368368368 -13.21228561827222     0.0
-6.36036036036036 -13.237339681539273     0.0
-6.352352352352352 -14.969270642076545     -1.70692740584057
-6.344344344344345 -13.287296384186744     0.0
-6.336336336336337 -13.312199227010746     0.0
-6.328328328328328 -13.337051866122266     0.0
-6.32032032032032 -13.361854402731138     0.0
-6.312312312312312 -13.386606937843172     0.0
-6.3043043043043046 -13.411309572260546     0.0
-6.296296296296297 -16.177300689057624     -2.7413382824754082
-6.288288288288288 -13.460565541204346     0.0
-6.28028028028028 -13.485119076320686     0.0
-6.272272272272272 -13.509623111923009     0.0
-6.2642642642642645 -13.5340777478015     0.0
-6.256256256256257 -13.558483083545179     0.0
-6.248248248248248 -9.240059474073991     4.342779744468296
-6.24024024024024 -13.607146251980696     0.0
-6.232232232232232 -13.631404282848328     0.0
-6.2242242242242245 -13.655613409933542     0.0
-6.216216216216216 -13.67977373182554     0.0
-6.208208208208208 -13.70388534691477     0.0
-6.2002002002002 -13.727948353393328     0.0
-6.192192192192192 -13.751962849255357     0.0
-6.1841841841841845 -13.775928932297443     0.0
-6.176176176176176 -13.799846700119025     0.0
-6.168168168168168 -13.823716250122763     0.0
-6.16016016016016 -13.84753767951497     0.0
-6.152152152152152 -13.871311085305994     0.0
-6.1441441441441444 -13.895036564310608     0.0
-6.136136136136136 -13.918714213148405     0.0
-6.128128128128128 -13.942344128244198     0.0
-6.12012012012012 -13.965926405828407     0.0
-6.112112112112112 -13.989461141937454     0.0
-6.104104104104104 -14.012948432414161     0.0
-6.096096096096096 -14.036388372908121     0.0
-6.088088088088088 -14.059781058876094     0.0
-6.08008008008008 -14.083126585582423     0.0
-6.072072072072072 -14.106425048099382     0.0
-6.064064064064064 -14.129676541307582     0.0
-6.056056056056056 -14.152881159896365     0.0
-6.048048048048048 -14.176038998364175     0.0
-6.04004004004004 -14.199150151018948     0.0
-6.032032032032032 -14.222214711978495     0.0
-6.024024024024024 -14.245232775170896     0.0
-6.016016016016016 -14.268204434334866     0.0
-6.008008008008008 -13.450694290302737     0.8404354927174058
-6.0 -14.31400891458788     0.0
